State: Win Prob: Outcome: Brier Score: 
AK 0.15 0 0.0225 
AL 0.02 0 4e-04 
AR 0.01 0 1e-04 
AZ 0.68 1 0.1024 
CA 1 1 0 
CO 0.97 1 9e-04 
CT 1 1 0 
DC 1 1 0 
DE 1 1 0 
FL 0.69 0 0.4761 
GA 0.58 1 0.1764 
HI 0.99 1 1e-04 
IA 0.4 0 0.16 
ID 0.01 0 1e-04 
IL 1 1 0 
IN 0.04 0 0.0016 
KS 0.01 0 1e-04 
KY 0.01 0 1e-04 
LA 0.03 0 9e-04 
M1 0.97 1 9e-04 
M2 0.57 0 0.3249 
MA 1 1 0 
MD 1 1 0 
ME 0.9 1 0.01 
MI 0.95 1 0.0025 
MN 0.96 1 0.0016 
MO 0.06 0 0.0036 
MS 0.08 0 0.0064 
MT 0.18 0 0.0324 
N1 0.04 1 0.9216 
N2 0.72 0 0.5184 
N3 0 1 1 
NC 0.64 0 0.4096 
ND 0.02 0 4e-04 
NE 0.01 0 1e-04 
NH 0.89 1 0.0121 
NJ 0.99 1 1e-04 
NM 0.98 1 4e-04 
NV 0.88 1 0.0144 
NY 1 1 0 
OH 0.45 0 0.2025 
OK 0.01 0 1e-04 
OR 0.98 1 4e-04 
PA 0.84 1 0.0256 
RI 1 1 0 
SC 0.1 0 0.01 
SD 0.05 0 0.0025 
TN 0.03 0 9e-04 
TX 0.38 0 0.1444 
UT 0.05 0 0.0025 
VA 0.99 1 1e-04 
VT 1 1 0 
WA 0.99 1 1e-04 
WI 0.94 1 0.0036 
WV 0.01 0 1e-04 
WY 0 0 0 
The average state wide brier score is 0.08203393