State1: State2: Win Prob(State1): Conditional Prob(State1): Win Prob(State2): Outcome1: Outcome2: Brier Score(State1): Brier Score(State2): Brier Score(Conditional): Brier Score(Average)
AZ CO  0.68 0.69 0.97 1 10.1024 9e-04 0.0961 0.06646667 
AZ FL  0.68 0.84 0.69 1 00.1024 0.4761 0.7056 0.4280333 
AZ GA  0.68 0.82 0.58 1 10.1024 0.1764 0.0324 0.1037333 
AZ IA  0.68 0.88 0.4 1 00.1024 0.16 0.7744 0.3456 
AZ M2  0.68 0.74 0.57 1 00.1024 0.3249 0.5476 0.3249667 
AZ ME  0.68 0.69 0.9 1 10.1024 0.01 0.0961 0.0695 
AZ MI  0.68 0.71 0.95 1 10.1024 0.0025 0.0841 0.063 
AZ MN  0.68 0.7 0.96 1 10.1024 0.0016 0.09 0.06466667 
AZ MO  0.68 0.82 0.06 1 00.1024 0.0036 0.6724 0.2594667 
AZ MS  0.68 0.77 0.08 1 00.1024 0.0064 0.5929 0.2339 
AZ N2  0.68 0.77 0.72 1 00.1024 0.5184 0.5929 0.4045667 
AZ NC  0.68 0.77 0.64 1 00.1024 0.4096 0.5929 0.3683 
AZ NH  0.68 0.7 0.89 1 10.1024 0.0121 0.09 0.06816667 
AZ NM  0.68 0.69 0.98 1 10.1024 4e-04 0.0961 0.0663 
AZ NV  0.68 0.76 0.88 1 10.1024 0.0144 0.0576 0.05813333 
AZ OH  0.68 0.84 0.45 1 00.1024 0.2025 0.7056 0.3368333 
AZ PA  0.68 0.74 0.84 1 10.1024 0.0256 0.0676 0.0652 
AZ SC  0.68 0.87 0.1 1 00.1024 0.01 0.7569 0.2897667 
AZ TX  0.68 0.91 0.38 1 00.1024 0.1444 0.8281 0.3583 
AZ VA  0.68 0.68 0.99 1 10.1024 1e-04 0.1024 0.0683 
AZ WI  0.68 0.71 0.94 1 10.1024 0.0036 0.0841 0.06336667 
CO AZ  0.97 0.99 0.68 1 19e-04 0.1024 1e-04 0.03446667 
CO FL  0.97 0.98 0.69 1 09e-04 0.4761 0.9604 0.4791333 
CO GA  0.97 0.98 0.58 1 19e-04 0.1764 4e-04 0.05923333 
CO IA  0.97 0.99 0.4 1 09e-04 0.16 0.9801 0.3803333 
CO M2  0.97 0.99 0.57 1 09e-04 0.3249 0.9801 0.4353 
CO ME  0.97 0.98 0.9 1 19e-04 0.01 4e-04 0.003766667 
CO MI  0.97 0.98 0.95 1 19e-04 0.0025 4e-04 0.001266667 
CO MN  0.97 0.98 0.96 1 19e-04 0.0016 4e-04 0.0009666667 
CO MO  0.97 0.96 0.06 1 09e-04 0.0036 0.9216 0.3087 
CO MS  0.97 0.87 0.08 1 09e-04 0.0064 0.7569 0.2547333 
CO N2  0.97 0.99 0.72 1 09e-04 0.5184 0.9801 0.4998 
CO NC  0.97 0.98 0.64 1 09e-04 0.4096 0.9604 0.4569667 
CO NH  0.97 0.99 0.89 1 19e-04 0.0121 1e-04 0.004366667 
CO NM  0.97 0.98 0.98 1 19e-04 4e-04 4e-04 0.0005666667 
CO NV  0.97 0.98 0.88 1 19e-04 0.0144 4e-04 0.005233333 
CO OH  0.97 0.99 0.45 1 09e-04 0.2025 0.9801 0.3945 
CO PA  0.97 0.99 0.84 1 19e-04 0.0256 1e-04 0.008866667 
CO SC  0.97 0.94 0.1 1 09e-04 0.01 0.8836 0.2981667 
CO TX  0.97 0.98 0.38 1 09e-04 0.1444 0.9604 0.3685667 
CO VA  0.97 0.97 0.99 1 19e-04 1e-04 9e-04 0.0006333333 
CO WI  0.97 0.98 0.94 1 19e-04 0.0036 4e-04 0.001633333 
FL AZ  0.69 0.86 0.68 0 10.4761 0.1024 0.7396 0.4393667 
FL CO  0.69 0.7 0.97 0 10.4761 9e-04 0.49 0.3223333 
FL GA  0.69 0.9 0.58 0 10.4761 0.1764 0.81 0.4875 
FL IA  0.69 0.9 0.4 0 00.4761 0.16 0.81 0.4820333 
FL M2  0.69 0.75 0.57 0 00.4761 0.3249 0.5625 0.4545 
FL ME  0.69 0.7 0.9 0 10.4761 0.01 0.49 0.3253667 
FL MI  0.69 0.72 0.95 0 10.4761 0.0025 0.5184 0.3323333 
FL MN  0.69 0.71 0.96 0 10.4761 0.0016 0.5041 0.3272667 
FL MO  0.69 0.92 0.06 0 00.4761 0.0036 0.8464 0.4420333 
FL MS  0.69 0.92 0.08 0 00.4761 0.0064 0.8464 0.4429667 
FL N2  0.69 0.8 0.72 0 00.4761 0.5184 0.64 0.5448333 
FL NC  0.69 0.85 0.64 0 00.4761 0.4096 0.7225 0.5360667 
FL NH  0.69 0.71 0.89 0 10.4761 0.0121 0.5041 0.3307667 
FL NM  0.69 0.7 0.98 0 10.4761 4e-04 0.49 0.3221667 
FL NV  0.69 0.76 0.88 0 10.4761 0.0144 0.5776 0.3560333 
FL OH  0.69 0.87 0.45 0 00.4761 0.2025 0.7569 0.4785 
FL PA  0.69 0.76 0.84 0 10.4761 0.0256 0.5776 0.3597667 
FL SC  0.69 0.97 0.1 0 00.4761 0.01 0.9409 0.4756667 
FL TX  0.69 0.95 0.38 0 00.4761 0.1444 0.9025 0.5076667 
FL VA  0.69 0.69 0.99 0 10.4761 1e-04 0.4761 0.3174333 
FL WI  0.69 0.72 0.94 0 10.4761 0.0036 0.5184 0.3327 
GA AZ  0.58 0.7 0.68 1 10.1764 0.1024 0.09 0.1229333 
GA CO  0.58 0.59 0.97 1 10.1764 9e-04 0.1681 0.1151333 
GA FL  0.58 0.76 0.69 1 00.1764 0.4761 0.5776 0.4100333 
GA IA  0.58 0.81 0.4 1 00.1764 0.16 0.6561 0.3308333 
GA M2  0.58 0.63 0.57 1 00.1764 0.3249 0.3969 0.2994 
GA ME  0.58 0.58 0.9 1 10.1764 0.01 0.1764 0.1209333 
GA MI  0.58 0.61 0.95 1 10.1764 0.0025 0.1521 0.1103333 
GA MN  0.58 0.6 0.96 1 10.1764 0.0016 0.16 0.1126667 
GA MO  0.58 0.92 0.06 1 00.1764 0.0036 0.8464 0.3421333 
GA MS  0.58 0.96 0.08 1 00.1764 0.0064 0.9216 0.3681333 
GA N2  0.58 0.69 0.72 1 00.1764 0.5184 0.4761 0.3903 
GA NC  0.58 0.78 0.64 1 00.1764 0.4096 0.6084 0.3981333 
GA NH  0.58 0.6 0.89 1 10.1764 0.0121 0.16 0.1161667 
GA NM  0.58 0.59 0.98 1 10.1764 4e-04 0.1681 0.1149667 
GA NV  0.58 0.63 0.88 1 10.1764 0.0144 0.1369 0.1092333 
GA OH  0.58 0.78 0.45 1 00.1764 0.2025 0.6084 0.3291 
GA PA  0.58 0.64 0.84 1 10.1764 0.0256 0.1296 0.1105333 
GA SC  0.58 0.99 0.1 1 00.1764 0.01 0.9801 0.3888333 
GA TX  0.58 0.88 0.38 1 00.1764 0.1444 0.7744 0.3650667 
GA VA  0.58 0.59 0.99 1 10.1764 1e-04 0.1681 0.1148667 
GA WI  0.58 0.61 0.94 1 10.1764 0.0036 0.1521 0.1107 
IA AZ  0.4 0.52 0.68 0 10.16 0.1024 0.2704 0.1776 
IA CO  0.4 0.41 0.97 0 10.16 9e-04 0.1681 0.1096667 
IA FL  0.4 0.52 0.69 0 00.16 0.4761 0.2704 0.3021667 
IA GA  0.4 0.56 0.58 0 10.16 0.1764 0.3136 0.2166667 
IA M2  0.4 0.55 0.57 0 00.16 0.3249 0.3025 0.2624667 
IA ME  0.4 0.42 0.9 0 10.16 0.01 0.1764 0.1154667 
IA MI  0.4 0.42 0.95 0 10.16 0.0025 0.1764 0.1129667 
IA MN  0.4 0.42 0.96 0 10.16 0.0016 0.1764 0.1126667 
IA MO  0.4 0.91 0.06 0 00.16 0.0036 0.8281 0.3305667 
IA MS  0.4 0.68 0.08 0 00.16 0.0064 0.4624 0.2096 
IA N2  0.4 0.52 0.72 0 00.16 0.5184 0.2704 0.3162667 
IA NC  0.4 0.53 0.64 0 00.16 0.4096 0.2809 0.2835 
IA NH  0.4 0.43 0.89 0 10.16 0.0121 0.1849 0.119 
IA NM  0.4 0.4 0.98 0 10.16 4e-04 0.16 0.1068 
IA NV  0.4 0.44 0.88 0 10.16 0.0144 0.1936 0.1226667 
IA OH  0.4 0.7 0.45 0 00.16 0.2025 0.49 0.2841667 
IA PA  0.4 0.46 0.84 0 10.16 0.0256 0.2116 0.1324 
IA SC  0.4 0.81 0.1 0 00.16 0.01 0.6561 0.2753667 
IA TX  0.4 0.65 0.38 0 00.16 0.1444 0.4225 0.2423 
IA VA  0.4 0.4 0.99 0 10.16 1e-04 0.16 0.1067 
IA WI  0.4 0.42 0.94 0 10.16 0.0036 0.1764 0.1133333 
M2 AZ  0.57 0.62 0.68 0 10.3249 0.1024 0.3844 0.2705667 
M2 CO  0.57 0.58 0.97 0 10.3249 9e-04 0.3364 0.2207333 
M2 FL  0.57 0.62 0.69 0 00.3249 0.4761 0.3844 0.3951333 
M2 GA  0.57 0.62 0.58 0 10.3249 0.1764 0.3844 0.2952333 
M2 IA  0.57 0.79 0.4 0 00.3249 0.16 0.6241 0.3696667 
M2 ME  0.57 0.63 0.9 0 10.3249 0.01 0.3969 0.2439333 
M2 MI  0.57 0.6 0.95 0 10.3249 0.0025 0.36 0.2291333 
M2 MN  0.57 0.59 0.96 0 10.3249 0.0016 0.3481 0.2248667 
M2 MO  0.57 0.91 0.06 0 00.3249 0.0036 0.8281 0.3855333 
M2 MS  0.57 0.56 0.08 0 00.3249 0.0064 0.3136 0.2149667 
M2 N2  0.57 0.63 0.72 0 00.3249 0.5184 0.3969 0.4134 
M2 NC  0.57 0.69 0.64 0 00.3249 0.4096 0.4761 0.4035333 
M2 NH  0.57 0.63 0.89 0 10.3249 0.0121 0.3969 0.2446333 
M2 NM  0.57 0.58 0.98 0 10.3249 4e-04 0.3364 0.2205667 
M2 NV  0.57 0.61 0.88 0 10.3249 0.0144 0.3721 0.2371333 
M2 OH  0.57 0.82 0.45 0 00.3249 0.2025 0.6724 0.3999333 
M2 PA  0.57 0.65 0.84 0 10.3249 0.0256 0.4225 0.2576667 
M2 SC  0.57 0.71 0.1 0 00.3249 0.01 0.5041 0.2796667 
M2 TX  0.57 0.66 0.38 0 00.3249 0.1444 0.4356 0.3016333 
M2 VA  0.57 0.58 0.99 0 10.3249 1e-04 0.3364 0.2204667 
M2 WI  0.57 0.6 0.94 0 10.3249 0.0036 0.36 0.2295 
ME AZ  0.9 0.91 0.68 1 10.01 0.1024 0.0081 0.04016667 
ME CO  0.9 0.92 0.97 1 10.01 9e-04 0.0064 0.005766667 
ME FL  0.9 0.91 0.69 1 00.01 0.4761 0.8281 0.4380667 
ME GA  0.9 0.9 0.58 1 10.01 0.1764 0.01 0.06546667 
ME IA  0.9 0.95 0.4 1 00.01 0.16 0.9025 0.3575 
ME M2  0.9 1 0.57 1 00.01 0.3249 1 0.4449667 
ME MI  0.9 0.92 0.95 1 10.01 0.0025 0.0064 0.0063 
ME MN  0.9 0.92 0.96 1 10.01 0.0016 0.0064 0.006 
ME MO  0.9 0.97 0.06 1 00.01 0.0036 0.9409 0.3181667 
ME MS  0.9 0.74 0.08 1 00.01 0.0064 0.5476 0.188 
ME N2  0.9 0.93 0.72 1 00.01 0.5184 0.8649 0.4644333 
ME NC  0.9 0.94 0.64 1 00.01 0.4096 0.8836 0.4344 
ME NH  0.9 0.97 0.89 1 10.01 0.0121 9e-04 0.007666667 
ME NM  0.9 0.91 0.98 1 10.01 4e-04 0.0081 0.006166667 
ME NV  0.9 0.92 0.88 1 10.01 0.0144 0.0064 0.01026667 
ME OH  0.9 0.98 0.45 1 00.01 0.2025 0.9604 0.3909667 
ME PA  0.9 0.95 0.84 1 10.01 0.0256 0.0025 0.0127 
ME SC  0.9 0.86 0.1 1 00.01 0.01 0.7396 0.2532 
ME TX  0.9 0.91 0.38 1 00.01 0.1444 0.8281 0.3275 
ME VA  0.9 0.91 0.99 1 10.01 1e-04 0.0081 0.006066667 
ME WI  0.9 0.92 0.94 1 10.01 0.0036 0.0064 0.006666667 
MI AZ  0.95 0.99 0.68 1 10.0025 0.1024 1e-04 0.035 
MI CO  0.95 0.96 0.97 1 10.0025 9e-04 0.0016 0.001666667 
MI FL  0.95 0.99 0.69 1 00.0025 0.4761 0.9801 0.4862333 
MI GA  0.95 0.99 0.58 1 10.0025 0.1764 1e-04 0.05966667 
MI IA  0.95 1 0.4 1 00.0025 0.16 1 0.3875 
MI M2  0.95 0.99 0.57 1 00.0025 0.3249 0.9801 0.4358333 
MI ME  0.95 0.97 0.9 1 10.0025 0.01 9e-04 0.004466667 
MI MN  0.95 0.97 0.96 1 10.0025 0.0016 9e-04 0.001666667 
MI MO  0.95 0.99 0.06 1 00.0025 0.0036 0.9801 0.3287333 
MI MS  0.95 0.96 0.08 1 00.0025 0.0064 0.9216 0.3101667 
MI N2  0.95 0.99 0.72 1 00.0025 0.5184 0.9801 0.5003333 
MI NC  0.95 0.99 0.64 1 00.0025 0.4096 0.9801 0.4640667 
MI NH  0.95 0.97 0.89 1 10.0025 0.0121 9e-04 0.005166667 
MI NM  0.95 0.95 0.98 1 10.0025 4e-04 0.0025 0.0018 
MI NV  0.95 0.98 0.88 1 10.0025 0.0144 4e-04 0.005766667 
MI OH  0.95 1 0.45 1 00.0025 0.2025 1 0.4016667 
MI PA  0.95 0.99 0.84 1 10.0025 0.0256 1e-04 0.0094 
MI SC  0.95 0.99 0.1 1 00.0025 0.01 0.9801 0.3308667 
MI TX  0.95 0.99 0.38 1 00.0025 0.1444 0.9801 0.3756667 
MI VA  0.95 0.95 0.99 1 10.0025 1e-04 0.0025 0.0017 
MI WI  0.95 0.98 0.94 1 10.0025 0.0036 4e-04 0.002166667 
MN AZ  0.96 0.98 0.68 1 10.0016 0.1024 4e-04 0.0348 
MN CO  0.96 0.97 0.97 1 10.0016 9e-04 9e-04 0.001133333 
MN FL  0.96 0.98 0.69 1 00.0016 0.4761 0.9604 0.4793667 
MN GA  0.96 0.98 0.58 1 10.0016 0.1764 4e-04 0.05946667 
MN IA  0.96 1 0.4 1 00.0016 0.16 1 0.3872 
MN M2  0.96 0.99 0.57 1 00.0016 0.3249 0.9801 0.4355333 
MN ME  0.96 0.98 0.9 1 10.0016 0.01 4e-04 0.004 
MN MI  0.96 0.98 0.95 1 10.0016 0.0025 4e-04 0.0015 
MN MO  0.96 1 0.06 1 00.0016 0.0036 1 0.3350667 
MN MS  0.96 0.95 0.08 1 00.0016 0.0064 0.9025 0.3035 
MN N2  0.96 0.99 0.72 1 00.0016 0.5184 0.9801 0.5000333 
MN NC  0.96 0.99 0.64 1 00.0016 0.4096 0.9801 0.4637667 
MN NH  0.96 0.99 0.89 1 10.0016 0.0121 1e-04 0.0046 
MN NM  0.96 0.96 0.98 1 10.0016 4e-04 0.0016 0.0012 
MN NV  0.96 0.98 0.88 1 10.0016 0.0144 4e-04 0.005466667 
MN OH  0.96 1 0.45 1 00.0016 0.2025 1 0.4013667 
MN PA  0.96 0.99 0.84 1 10.0016 0.0256 1e-04 0.0091 
MN SC  0.96 0.98 0.1 1 00.0016 0.01 0.9604 0.324 
MN TX  0.96 0.99 0.38 1 00.0016 0.1444 0.9801 0.3753667 
MN VA  0.96 0.96 0.99 1 10.0016 1e-04 0.0016 0.0011 
MN WI  0.96 0.98 0.94 1 10.0016 0.0036 4e-04 0.001866667 
MO AZ  0.06 0.08 0.68 0 10.0036 0.1024 0.0064 0.03746667 
MO CO  0.06 0.06 0.97 0 10.0036 9e-04 0.0036 0.0027 
MO FL  0.06 0.08 0.69 0 00.0036 0.4761 0.0064 0.1620333 
MO GA  0.06 0.1 0.58 0 10.0036 0.1764 0.01 0.06333333 
MO IA  0.06 0.14 0.4 0 00.0036 0.16 0.0196 0.06106667 
MO M2  0.06 0.1 0.57 0 00.0036 0.3249 0.01 0.1128333 
MO ME  0.06 0.07 0.9 0 10.0036 0.01 0.0049 0.006166667 
MO MI  0.06 0.07 0.95 0 10.0036 0.0025 0.0049 0.003666667 
MO MN  0.06 0.07 0.96 0 10.0036 0.0016 0.0049 0.003366667 
MO MS  0.06 0.34 0.08 0 00.0036 0.0064 0.1156 0.04186667 
MO N2  0.06 0.08 0.72 0 00.0036 0.5184 0.0064 0.1761333 
MO NC  0.06 0.1 0.64 0 00.0036 0.4096 0.01 0.1410667 
MO NH  0.06 0.07 0.89 0 10.0036 0.0121 0.0049 0.006866667 
MO NM  0.06 0.06 0.98 0 10.0036 4e-04 0.0036 0.002533333 
MO NV  0.06 0.07 0.88 0 10.0036 0.0144 0.0049 0.007633333 
MO OH  0.06 0.13 0.45 0 00.0036 0.2025 0.0169 0.07433333 
MO PA  0.06 0.07 0.84 0 10.0036 0.0256 0.0049 0.01136667 
MO SC  0.06 0.4 0.1 0 00.0036 0.01 0.16 0.05786667 
MO TX  0.06 0.14 0.38 0 00.0036 0.1444 0.0196 0.05586667 
MO VA  0.06 0.06 0.99 0 10.0036 1e-04 0.0036 0.002433333 
MO WI  0.06 0.07 0.94 0 10.0036 0.0036 0.0049 0.004033333 
MS AZ  0.08 0.1 0.68 0 10.0064 0.1024 0.01 0.0396 
MS CO  0.08 0.08 0.97 0 10.0064 9e-04 0.0064 0.004566667 
MS FL  0.08 0.11 0.69 0 00.0064 0.4761 0.0121 0.1648667 
MS GA  0.08 0.14 0.58 0 10.0064 0.1764 0.0196 0.06746667 
MS IA  0.08 0.14 0.4 0 00.0064 0.16 0.0196 0.062 
MS M2  0.08 0.08 0.57 0 00.0064 0.3249 0.0064 0.1125667 
MS ME  0.08 0.07 0.9 0 10.0064 0.01 0.0049 0.0071 
MS MI  0.08 0.09 0.95 0 10.0064 0.0025 0.0081 0.005666667 
MS MN  0.08 0.08 0.96 0 10.0064 0.0016 0.0064 0.0048 
MS MO  0.08 0.45 0.06 0 00.0064 0.0036 0.2025 0.07083333 
MS N2  0.08 0.09 0.72 0 00.0064 0.5184 0.0081 0.1776333 
MS NC  0.08 0.12 0.64 0 00.0064 0.4096 0.0144 0.1434667 
MS NH  0.08 0.07 0.89 0 10.0064 0.0121 0.0049 0.0078 
MS NM  0.08 0.08 0.98 0 10.0064 4e-04 0.0064 0.0044 
MS NV  0.08 0.09 0.88 0 10.0064 0.0144 0.0081 0.009633333 
MS OH  0.08 0.11 0.45 0 00.0064 0.2025 0.0121 0.07366667 
MS PA  0.08 0.09 0.84 0 10.0064 0.0256 0.0081 0.01336667 
MS SC  0.08 0.57 0.1 0 00.0064 0.01 0.3249 0.1137667 
MS TX  0.08 0.17 0.38 0 00.0064 0.1444 0.0289 0.0599 
MS VA  0.08 0.08 0.99 0 10.0064 1e-04 0.0064 0.0043 
MS WI  0.08 0.09 0.94 0 10.0064 0.0036 0.0081 0.006033333 
N2 AZ  0.72 0.82 0.68 0 10.5184 0.1024 0.6724 0.4310667 
N2 CO  0.72 0.73 0.97 0 10.5184 9e-04 0.5329 0.3507333 
N2 FL  0.72 0.83 0.69 0 00.5184 0.4761 0.6889 0.5611333 
N2 GA  0.72 0.86 0.58 0 10.5184 0.1764 0.7396 0.4781333 
N2 IA  0.72 0.93 0.4 0 00.5184 0.16 0.8649 0.5144333 
N2 M2  0.72 0.79 0.57 0 00.5184 0.3249 0.6241 0.4891333 
N2 ME  0.72 0.74 0.9 0 10.5184 0.01 0.5476 0.3586667 
N2 MI  0.72 0.75 0.95 0 10.5184 0.0025 0.5625 0.3611333 
N2 MN  0.72 0.74 0.96 0 10.5184 0.0016 0.5476 0.3558667 
N2 MO  0.72 0.95 0.06 0 00.5184 0.0036 0.9025 0.4748333 
N2 MS  0.72 0.78 0.08 0 00.5184 0.0064 0.6084 0.3777333 
N2 NC  0.72 0.84 0.64 0 00.5184 0.4096 0.7056 0.5445333 
N2 NH  0.72 0.76 0.89 0 10.5184 0.0121 0.5776 0.3693667 
N2 NM  0.72 0.72 0.98 0 10.5184 4e-04 0.5184 0.3457333 
N2 NV  0.72 0.77 0.88 0 10.5184 0.0144 0.5929 0.3752333 
N2 OH  0.72 0.91 0.45 0 00.5184 0.2025 0.8281 0.5163333 
N2 PA  0.72 0.8 0.84 0 10.5184 0.0256 0.64 0.3946667 
N2 SC  0.72 0.89 0.1 0 00.5184 0.01 0.7921 0.4401667 
N2 TX  0.72 0.91 0.38 0 00.5184 0.1444 0.8281 0.4969667 
N2 VA  0.72 0.72 0.99 0 10.5184 1e-04 0.5184 0.3456333 
N2 WI  0.72 0.75 0.94 0 10.5184 0.0036 0.5625 0.3615 
NC AZ  0.64 0.73 0.68 0 10.4096 0.1024 0.5329 0.3483 
NC CO  0.64 0.65 0.97 0 10.4096 9e-04 0.4225 0.2776667 
NC FL  0.64 0.79 0.69 0 00.4096 0.4761 0.6241 0.5032667 
NC GA  0.64 0.86 0.58 0 10.4096 0.1764 0.7396 0.4418667 
NC IA  0.64 0.85 0.4 0 00.4096 0.16 0.7225 0.4307 
NC M2  0.64 0.77 0.57 0 00.4096 0.3249 0.5929 0.4424667 
NC ME  0.64 0.67 0.9 0 10.4096 0.01 0.4489 0.2895 
NC MI  0.64 0.67 0.95 0 10.4096 0.0025 0.4489 0.287 
NC MN  0.64 0.66 0.96 0 10.4096 0.0016 0.4356 0.2822667 
NC MO  0.64 0.99 0.06 0 00.4096 0.0036 0.9801 0.4644333 
NC MS  0.64 0.91 0.08 0 00.4096 0.0064 0.8281 0.4147 
NC N2  0.64 0.75 0.72 0 00.4096 0.5184 0.5625 0.4968333 
NC NH  0.64 0.68 0.89 0 10.4096 0.0121 0.4624 0.2947 
NC NM  0.64 0.65 0.98 0 10.4096 4e-04 0.4225 0.2775 
NC NV  0.64 0.69 0.88 0 10.4096 0.0144 0.4761 0.3000333 
NC OH  0.64 0.88 0.45 0 00.4096 0.2025 0.7744 0.4621667 
NC PA  0.64 0.73 0.84 0 10.4096 0.0256 0.5329 0.3227 
NC SC  0.64 0.96 0.1 0 00.4096 0.01 0.9216 0.4470667 
NC TX  0.64 0.9 0.38 0 00.4096 0.1444 0.81 0.4546667 
NC VA  0.64 0.64 0.99 0 10.4096 1e-04 0.4096 0.2731 
NC WI  0.64 0.67 0.94 0 10.4096 0.0036 0.4489 0.2873667 
NH AZ  0.89 0.91 0.68 1 10.0121 0.1024 0.0081 0.04086667 
NH CO  0.89 0.91 0.97 1 10.0121 9e-04 0.0081 0.007033333 
NH FL  0.89 0.92 0.69 1 00.0121 0.4761 0.8464 0.4448667 
NH GA  0.89 0.91 0.58 1 10.0121 0.1764 0.0081 0.06553333 
NH IA  0.89 0.96 0.4 1 00.0121 0.16 0.9216 0.3645667 
NH M2  0.89 0.98 0.57 1 00.0121 0.3249 0.9604 0.4324667 
NH ME  0.89 0.95 0.9 1 10.0121 0.01 0.0025 0.0082 
NH MI  0.89 0.91 0.95 1 10.0121 0.0025 0.0081 0.007566667 
NH MN  0.89 0.92 0.96 1 10.0121 0.0016 0.0064 0.0067 
NH MO  0.89 0.98 0.06 1 00.0121 0.0036 0.9604 0.3253667 
NH MS  0.89 0.74 0.08 1 00.0121 0.0064 0.5476 0.1887 
NH N2  0.89 0.95 0.72 1 00.0121 0.5184 0.9025 0.4776667 
NH NC  0.89 0.95 0.64 1 00.0121 0.4096 0.9025 0.4414 
NH NM  0.89 0.9 0.98 1 10.0121 4e-04 0.01 0.0075 
NH NV  0.89 0.91 0.88 1 10.0121 0.0144 0.0081 0.01153333 
NH OH  0.89 0.98 0.45 1 00.0121 0.2025 0.9604 0.3916667 
NH PA  0.89 0.96 0.84 1 10.0121 0.0256 0.0016 0.0131 
NH SC  0.89 0.87 0.1 1 00.0121 0.01 0.7569 0.2596667 
NH TX  0.89 0.93 0.38 1 00.0121 0.1444 0.8649 0.3404667 
NH VA  0.89 0.9 0.99 1 10.0121 1e-04 0.01 0.0074 
NH WI  0.89 0.91 0.94 1 10.0121 0.0036 0.0081 0.007933333 
NM AZ  0.98 1 0.68 1 14e-04 0.1024 0 0.03426667 
NM CO  0.98 0.98 0.97 1 14e-04 9e-04 4e-04 0.0005666667 
NM FL  0.98 0.99 0.69 1 04e-04 0.4761 0.9801 0.4855333 
NM GA  0.98 0.99 0.58 1 14e-04 0.1764 1e-04 0.05896667 
NM IA  0.98 0.99 0.4 1 04e-04 0.16 0.9801 0.3801667 
NM M2  0.98 0.99 0.57 1 04e-04 0.3249 0.9801 0.4351333 
NM ME  0.98 0.99 0.9 1 14e-04 0.01 1e-04 0.0035 
NM MI  0.98 0.99 0.95 1 14e-04 0.0025 1e-04 0.001 
NM MN  0.98 0.98 0.96 1 14e-04 0.0016 4e-04 8e-04 
NM MO  0.98 0.98 0.06 1 04e-04 0.0036 0.9604 0.3214667 
NM MS  0.98 0.96 0.08 1 04e-04 0.0064 0.9216 0.3094667 
NM N2  0.98 0.98 0.72 1 04e-04 0.5184 0.9604 0.4930667 
NM NC  0.98 0.99 0.64 1 04e-04 0.4096 0.9801 0.4633667 
NM NH  0.98 0.98 0.89 1 14e-04 0.0121 4e-04 0.0043 
NM NV  0.98 0.99 0.88 1 14e-04 0.0144 1e-04 0.004966667 
NM OH  0.98 0.99 0.45 1 04e-04 0.2025 0.9801 0.3943333 
NM PA  0.98 0.99 0.84 1 14e-04 0.0256 1e-04 0.0087 
NM SC  0.98 0.98 0.1 1 04e-04 0.01 0.9604 0.3236 
NM TX  0.98 1 0.38 1 04e-04 0.1444 1 0.3816 
NM VA  0.98 0.98 0.99 1 14e-04 1e-04 4e-04 3e-04 
NM WI  0.98 0.98 0.94 1 14e-04 0.0036 4e-04 0.001466667 
NV AZ  0.88 0.98 0.68 1 10.0144 0.1024 4e-04 0.03906667 
NV CO  0.88 0.89 0.97 1 10.0144 9e-04 0.0121 0.009133333 
NV FL  0.88 0.97 0.69 1 00.0144 0.4761 0.9409 0.4771333 
NV GA  0.88 0.95 0.58 1 10.0144 0.1764 0.0025 0.06443333 
NV IA  0.88 0.97 0.4 1 00.0144 0.16 0.9409 0.3717667 
NV M2  0.88 0.93 0.57 1 00.0144 0.3249 0.8649 0.4014 
NV ME  0.88 0.9 0.9 1 10.0144 0.01 0.01 0.01146667 
NV MI  0.88 0.91 0.95 1 10.0144 0.0025 0.0081 0.008333333 
NV MN  0.88 0.9 0.96 1 10.0144 0.0016 0.01 0.008666667 
NV MO  0.88 0.97 0.06 1 00.0144 0.0036 0.9409 0.3196333 
NV MS  0.88 0.93 0.08 1 00.0144 0.0064 0.8649 0.2952333 
NV N2  0.88 0.94 0.72 1 00.0144 0.5184 0.8836 0.4721333 
NV NC  0.88 0.95 0.64 1 00.0144 0.4096 0.9025 0.4421667 
NV NH  0.88 0.9 0.89 1 10.0144 0.0121 0.01 0.01216667 
NV NM  0.88 0.89 0.98 1 10.0144 4e-04 0.0121 0.008966667 
NV OH  0.88 0.96 0.45 1 00.0144 0.2025 0.9216 0.3795 
NV PA  0.88 0.93 0.84 1 10.0144 0.0256 0.0049 0.01496667 
NV SC  0.88 0.97 0.1 1 00.0144 0.01 0.9409 0.3217667 
NV TX  0.88 0.99 0.38 1 00.0144 0.1444 0.9801 0.3796333 
NV VA  0.88 0.88 0.99 1 10.0144 1e-04 0.0144 0.009633333 
NV WI  0.88 0.91 0.94 1 10.0144 0.0036 0.0081 0.0087 
OH AZ  0.45 0.56 0.68 0 10.2025 0.1024 0.3136 0.2061667 
OH CO  0.45 0.46 0.97 0 10.2025 9e-04 0.2116 0.1383333 
OH FL  0.45 0.57 0.69 0 00.2025 0.4761 0.3249 0.3345 
OH GA  0.45 0.61 0.58 0 10.2025 0.1764 0.3721 0.2503333 
OH IA  0.45 0.79 0.4 0 00.2025 0.16 0.6241 0.3288667 
OH M2  0.45 0.65 0.57 0 00.2025 0.3249 0.4225 0.3166333 
OH ME  0.45 0.49 0.9 0 10.2025 0.01 0.2401 0.1508667 
OH MI  0.45 0.48 0.95 0 10.2025 0.0025 0.2304 0.1451333 
OH MN  0.45 0.47 0.96 0 10.2025 0.0016 0.2209 0.1416667 
OH MO  0.45 0.93 0.06 0 00.2025 0.0036 0.8649 0.357 
OH MS  0.45 0.6 0.08 0 00.2025 0.0064 0.36 0.1896333 
OH N2  0.45 0.58 0.72 0 00.2025 0.5184 0.3364 0.3524333 
OH NC  0.45 0.63 0.64 0 00.2025 0.4096 0.3969 0.3363333 
OH NH  0.45 0.5 0.89 0 10.2025 0.0121 0.25 0.1548667 
OH NM  0.45 0.46 0.98 0 10.2025 4e-04 0.2116 0.1381667 
OH NV  0.45 0.5 0.88 0 10.2025 0.0144 0.25 0.1556333 
OH PA  0.45 0.53 0.84 0 10.2025 0.0256 0.2809 0.1696667 
OH SC  0.45 0.79 0.1 0 00.2025 0.01 0.6241 0.2788667 
OH TX  0.45 0.7 0.38 0 00.2025 0.1444 0.49 0.2789667 
OH VA  0.45 0.46 0.99 0 10.2025 1e-04 0.2116 0.1380667 
OH WI  0.45 0.48 0.94 0 10.2025 0.0036 0.2304 0.1455 
PA AZ  0.84 0.92 0.68 1 10.0256 0.1024 0.0064 0.0448 
PA CO  0.84 0.86 0.97 1 10.0256 9e-04 0.0196 0.01536667 
PA FL  0.84 0.93 0.69 1 00.0256 0.4761 0.8649 0.4555333 
PA GA  0.84 0.93 0.58 1 10.0256 0.1764 0.0049 0.06896667 
PA IA  0.84 0.97 0.4 1 00.0256 0.16 0.9409 0.3755 
PA M2  0.84 0.96 0.57 1 00.0256 0.3249 0.9216 0.4240333 
PA ME  0.84 0.89 0.9 1 10.0256 0.01 0.0121 0.0159 
PA MI  0.84 0.88 0.95 1 10.0256 0.0025 0.0144 0.01416667 
PA MN  0.84 0.87 0.96 1 10.0256 0.0016 0.0169 0.0147 
PA MO  0.84 0.99 0.06 1 00.0256 0.0036 0.9801 0.3364333 
PA MS  0.84 0.87 0.08 1 00.0256 0.0064 0.7569 0.2629667 
PA N2  0.84 0.94 0.72 1 00.0256 0.5184 0.8836 0.4758667 
PA NC  0.84 0.96 0.64 1 00.0256 0.4096 0.9216 0.4522667 
PA NH  0.84 0.9 0.89 1 10.0256 0.0121 0.01 0.0159 
PA NM  0.84 0.85 0.98 1 10.0256 4e-04 0.0225 0.01616667 
PA NV  0.84 0.89 0.88 1 10.0256 0.0144 0.0121 0.01736667 
PA OH  0.84 0.99 0.45 1 00.0256 0.2025 0.9801 0.4027333 
PA SC  0.84 0.95 0.1 1 00.0256 0.01 0.9025 0.3127 
PA TX  0.84 0.96 0.38 1 00.0256 0.1444 0.9216 0.3638667 
PA VA  0.84 0.85 0.99 1 10.0256 1e-04 0.0225 0.01606667 
PA WI  0.84 0.88 0.94 1 10.0256 0.0036 0.0144 0.01453333 
SC AZ  0.1 0.13 0.68 0 10.01 0.1024 0.0169 0.0431 
SC CO  0.1 0.1 0.97 0 10.01 9e-04 0.01 0.006966667 
SC FL  0.1 0.14 0.69 0 00.01 0.4761 0.0196 0.1685667 
SC GA  0.1 0.17 0.58 0 10.01 0.1764 0.0289 0.07176667 
SC IA  0.1 0.2 0.4 0 00.01 0.16 0.04 0.07 
SC M2  0.1 0.12 0.57 0 00.01 0.3249 0.0144 0.1164333 
SC ME  0.1 0.1 0.9 0 10.01 0.01 0.01 0.01 
SC MI  0.1 0.1 0.95 0 10.01 0.0025 0.01 0.0075 
SC MN  0.1 0.1 0.96 0 10.01 0.0016 0.01 0.0072 
SC MO  0.1 0.62 0.06 0 00.01 0.0036 0.3844 0.1326667 
SC MS  0.1 0.68 0.08 0 00.01 0.0064 0.4624 0.1596 
SC N2  0.1 0.12 0.72 0 00.01 0.5184 0.0144 0.1809333 
SC NC  0.1 0.15 0.64 0 00.01 0.4096 0.0225 0.1473667 
SC NH  0.1 0.1 0.89 0 10.01 0.0121 0.01 0.0107 
SC NM  0.1 0.1 0.98 0 10.01 4e-04 0.01 0.0068 
SC NV  0.1 0.11 0.88 0 10.01 0.0144 0.0121 0.01216667 
SC OH  0.1 0.17 0.45 0 00.01 0.2025 0.0289 0.08046667 
SC PA  0.1 0.11 0.84 0 10.01 0.0256 0.0121 0.0159 
SC TX  0.1 0.23 0.38 0 00.01 0.1444 0.0529 0.0691 
SC VA  0.1 0.1 0.99 0 10.01 1e-04 0.01 0.0067 
SC WI  0.1 0.1 0.94 0 10.01 0.0036 0.01 0.007866667 
TX AZ  0.38 0.51 0.68 0 10.1444 0.1024 0.2601 0.1689667 
TX CO  0.38 0.39 0.97 0 10.1444 9e-04 0.1521 0.09913333 
TX FL  0.38 0.53 0.69 0 00.1444 0.4761 0.2809 0.3004667 
TX GA  0.38 0.58 0.58 0 10.1444 0.1764 0.3364 0.2190667 
TX IA  0.38 0.62 0.4 0 00.1444 0.16 0.3844 0.2296 
TX M2  0.38 0.44 0.57 0 00.1444 0.3249 0.1936 0.2209667 
TX ME  0.38 0.39 0.9 0 10.1444 0.01 0.1521 0.1021667 
TX MI  0.38 0.4 0.95 0 10.1444 0.0025 0.16 0.1023 
TX MN  0.38 0.39 0.96 0 10.1444 0.0016 0.1521 0.09936667 
TX MO  0.38 0.85 0.06 0 00.1444 0.0036 0.7225 0.2901667 
TX MS  0.38 0.76 0.08 0 00.1444 0.0064 0.5776 0.2428 
TX N2  0.38 0.48 0.72 0 00.1444 0.5184 0.2304 0.2977333 
TX NC  0.38 0.54 0.64 0 00.1444 0.4096 0.2916 0.2818667 
TX NH  0.38 0.4 0.89 0 10.1444 0.0121 0.16 0.1055 
TX NM  0.38 0.39 0.98 0 10.1444 4e-04 0.1521 0.09896667 
TX NV  0.38 0.43 0.88 0 10.1444 0.0144 0.1849 0.1145667 
TX OH  0.38 0.59 0.45 0 00.1444 0.2025 0.3481 0.2316667 
TX PA  0.38 0.43 0.84 0 10.1444 0.0256 0.1849 0.1183 
TX SC  0.38 0.87 0.1 0 00.1444 0.01 0.7569 0.3037667 
TX VA  0.38 0.39 0.99 0 10.1444 1e-04 0.1521 0.09886667 
TX WI  0.38 0.4 0.94 0 10.1444 0.0036 0.16 0.1026667 
VA AZ  0.99 0.99 0.68 1 11e-04 0.1024 1e-04 0.0342 
VA CO  0.99 1 0.97 1 11e-04 9e-04 0 0.0003333333 
VA FL  0.99 1 0.69 1 01e-04 0.4761 1 0.4920667 
VA GA  0.99 1 0.58 1 11e-04 0.1764 0 0.05883333 
VA IA  0.99 1 0.4 1 01e-04 0.16 1 0.3867 
VA M2  0.99 1 0.57 1 01e-04 0.3249 1 0.4416667 
VA ME  0.99 1 0.9 1 11e-04 0.01 0 0.003366667 
VA MI  0.99 1 0.95 1 11e-04 0.0025 0 0.0008666667 
VA MN  0.99 1 0.96 1 11e-04 0.0016 0 0.0005666667 
VA MO  0.99 1 0.06 1 01e-04 0.0036 1 0.3345667 
VA MS  0.99 0.98 0.08 1 01e-04 0.0064 0.9604 0.3223 
VA N2  0.99 1 0.72 1 01e-04 0.5184 1 0.5061667 
VA NC  0.99 1 0.64 1 01e-04 0.4096 1 0.4699 
VA NH  0.99 1 0.89 1 11e-04 0.0121 0 0.004066667 
VA NM  0.99 0.99 0.98 1 11e-04 4e-04 1e-04 2e-04 
VA NV  0.99 0.99 0.88 1 11e-04 0.0144 1e-04 0.004866667 
VA OH  0.99 1 0.45 1 01e-04 0.2025 1 0.4008667 
VA PA  0.99 1 0.84 1 11e-04 0.0256 0 0.008566667 
VA SC  0.99 0.99 0.1 1 01e-04 0.01 0.9801 0.3300667 
VA TX  0.99 1 0.38 1 01e-04 0.1444 1 0.3815 
VA WI  0.99 0.99 0.94 1 11e-04 0.0036 1e-04 0.001266667 
WI AZ  0.94 0.99 0.68 1 10.0036 0.1024 1e-04 0.03536667 
WI CO  0.94 0.95 0.97 1 10.0036 9e-04 0.0025 0.002333333 
WI FL  0.94 0.99 0.69 1 00.0036 0.4761 0.9801 0.4866 
WI GA  0.94 0.98 0.58 1 10.0036 0.1764 4e-04 0.06013333 
WI IA  0.94 1 0.4 1 00.0036 0.16 1 0.3878667 
WI M2  0.94 0.98 0.57 1 00.0036 0.3249 0.9604 0.4296333 
WI ME  0.94 0.96 0.9 1 10.0036 0.01 0.0016 0.005066667 
WI MI  0.94 0.97 0.95 1 10.0036 0.0025 9e-04 0.002333333 
WI MN  0.94 0.97 0.96 1 10.0036 0.0016 9e-04 0.002033333 
WI MO  0.94 1 0.06 1 00.0036 0.0036 1 0.3357333 
WI MS  0.94 0.97 0.08 1 00.0036 0.0064 0.9409 0.3169667 
WI N2  0.94 0.99 0.72 1 00.0036 0.5184 0.9801 0.5007 
WI NC  0.94 0.98 0.64 1 00.0036 0.4096 0.9604 0.4578667 
WI NH  0.94 0.97 0.89 1 10.0036 0.0121 9e-04 0.005533333 
WI NM  0.94 0.95 0.98 1 10.0036 4e-04 0.0025 0.002166667 
WI NV  0.94 0.98 0.88 1 10.0036 0.0144 4e-04 0.006133333 
WI OH  0.94 0.99 0.45 1 00.0036 0.2025 0.9801 0.3954 
WI PA  0.94 0.99 0.84 1 10.0036 0.0256 1e-04 0.009766667 
WI SC  0.94 0.99 0.1 1 00.0036 0.01 0.9801 0.3312333 
WI TX  0.94 0.99 0.38 1 00.0036 0.1444 0.9801 0.3760333 
WI VA  0.94 0.95 0.99 1 10.0036 1e-04 0.0025 0.002066667 
The average brier score with the third way of testing it is(BB) 0.210046