State1: State2: Win Prob(State1): Conditional Prob(State1): Win Prob(State2): Outcome1: Outcome2: Brier Score(State1): Brier Score(State2): Brier Score(Conditional): Brier Score(Average)
AZ CO  0.68 0.24 0.03 1 10.1024 0.9409 0.0576 0.3669667 
AZ FL  0.68 0.32 0.31 1 00.1024 0.4761 0.4624 0.3469667 
AZ GA  0.68 0.49 0.42 1 10.1024 0.3364 0.2401 0.2263 
AZ IA  0.68 0.55 0.6 1 00.1024 0.16 0.2025 0.1549667 
AZ M2  0.68 0.61 0.43 1 00.1024 0.3249 0.1521 0.1931333 
AZ ME  0.68 0.59 0.1 1 10.1024 0.81 0.3481 0.4201667 
AZ MI  0.68 0.18 0.05 1 10.1024 0.9025 0.0324 0.3457667 
AZ MN  0.68 0.32 0.04 1 10.1024 0.9216 0.1024 0.3754667 
AZ MO  0.68 0.67 0.94 1 00.1024 0.0036 0.1089 0.07163333 
AZ MS  0.68 0.67 0.92 1 00.1024 0.0064 0.1089 0.07256667 
AZ N2  0.68 0.44 0.28 1 00.1024 0.5184 0.3136 0.3114667 
AZ NC  0.68 0.52 0.36 1 00.1024 0.4096 0.2304 0.2474667 
AZ NH  0.68 0.56 0.11 1 10.1024 0.7921 0.3136 0.4027 
AZ NM  0.68 0.12 0.02 1 10.1024 0.9604 0.0144 0.3590667 
AZ NV  0.68 0.12 0.12 1 10.1024 0.7744 0.0144 0.2970667 
AZ OH  0.68 0.55 0.55 1 00.1024 0.2025 0.2025 0.1691333 
AZ PA  0.68 0.37 0.16 1 10.1024 0.7056 0.1369 0.3149667 
AZ SC  0.68 0.66 0.9 1 00.1024 0.01 0.1156 0.076 
AZ TX  0.68 0.54 0.62 1 00.1024 0.1444 0.2116 0.1528 
AZ VA  0.68 0.41 0.01 1 10.1024 0.9801 0.1681 0.4168667 
AZ WI  0.68 0.17 0.06 1 10.1024 0.8836 0.0289 0.3383 
CO AZ  0.97 0.93 0.32 1 19e-04 0.4624 0.8649 0.4427333 
CO FL  0.97 0.94 0.31 1 09e-04 0.4761 0.0036 0.1602 
CO GA  0.97 0.96 0.42 1 19e-04 0.3364 0.9216 0.4196333 
CO IA  0.97 0.96 0.6 1 09e-04 0.16 0.0016 0.05416667 
CO M2  0.97 0.95 0.43 1 09e-04 0.3249 0.0025 0.1094333 
CO ME  0.97 0.83 0.1 1 19e-04 0.81 0.6889 0.4999333 
CO MI  0.97 0.73 0.05 1 19e-04 0.9025 0.5329 0.4787667 
CO MN  0.97 0.7 0.04 1 19e-04 0.9216 0.49 0.4708333 
CO MO  0.97 0.97 0.94 1 09e-04 0.0036 9e-04 0.0018 
CO MS  0.97 0.98 0.92 1 09e-04 0.0064 4e-04 0.002566667 
CO N2  0.97 0.92 0.28 1 09e-04 0.5184 0.0064 0.1752333 
CO NC  0.97 0.94 0.36 1 09e-04 0.4096 0.0036 0.1380333 
CO NH  0.97 0.82 0.11 1 19e-04 0.7921 0.6724 0.4884667 
CO NM  0.97 0.67 0.02 1 19e-04 0.9604 0.4489 0.4700667 
CO NV  0.97 0.86 0.12 1 19e-04 0.7744 0.7396 0.5049667 
CO OH  0.97 0.95 0.55 1 09e-04 0.2025 0.0025 0.06863333 
CO PA  0.97 0.87 0.16 1 19e-04 0.7056 0.7569 0.4878 
CO SC  0.97 0.97 0.9 1 09e-04 0.01 9e-04 0.003933333 
CO TX  0.97 0.96 0.62 1 09e-04 0.1444 0.0016 0.04896667 
CO VA  0.97 0.48 0.01 1 19e-04 0.9801 0.2304 0.4038 
CO WI  0.97 0.8 0.06 1 19e-04 0.8836 0.64 0.5081667 
FL AZ  0.69 0.34 0.32 0 10.4761 0.4624 0.1156 0.3513667 
FL CO  0.69 0.41 0.03 0 10.4761 0.9409 0.1681 0.5283667 
FL GA  0.69 0.4 0.42 0 10.4761 0.3364 0.16 0.3241667 
FL IA  0.69 0.55 0.6 0 00.4761 0.36 0.3025 0.3795333 
FL M2  0.69 0.62 0.43 0 00.4761 0.1849 0.3844 0.3484667 
FL ME  0.69 0.61 0.1 0 10.4761 0.81 0.3721 0.5527333 
FL MI  0.69 0.16 0.05 0 10.4761 0.9025 0.0256 0.4680667 
FL MN  0.69 0.28 0.04 0 10.4761 0.9216 0.0784 0.4920333 
FL MO  0.69 0.68 0.94 0 00.4761 0.8836 0.4624 0.6073667 
FL MS  0.69 0.67 0.92 0 00.4761 0.8464 0.4489 0.5904667 
FL N2  0.69 0.42 0.28 0 00.4761 0.0784 0.1764 0.2436333 
FL NC  0.69 0.41 0.36 0 00.4761 0.1296 0.1681 0.2579333 
FL NH  0.69 0.53 0.11 0 10.4761 0.7921 0.2809 0.5163667 
FL NM  0.69 0.23 0.02 0 10.4761 0.9604 0.0529 0.4964667 
FL NV  0.69 0.18 0.12 0 10.4761 0.7744 0.0324 0.4276333 
FL OH  0.69 0.54 0.55 0 00.4761 0.3025 0.2916 0.3567333 
FL PA  0.69 0.3 0.16 0 10.4761 0.7056 0.09 0.4239 
FL SC  0.69 0.66 0.9 0 00.4761 0.81 0.4356 0.5739 
FL TX  0.69 0.53 0.62 0 00.4761 0.3844 0.2809 0.3804667 
FL VA  0.69 0.3 0.01 0 10.4761 0.9801 0.09 0.5154 
FL WI  0.69 0.14 0.06 0 10.4761 0.8836 0.0196 0.4597667 
GA AZ  0.58 0.33 0.32 1 10.1764 0.4624 0.1089 0.2492333 
GA CO  0.58 0.41 0.03 1 10.1764 0.9409 0.1681 0.4284667 
GA FL  0.58 0.19 0.31 1 00.1764 0.4761 0.6561 0.4362 
GA IA  0.58 0.43 0.6 1 00.1764 0.16 0.3249 0.2204333 
GA M2  0.58 0.51 0.43 1 00.1764 0.3249 0.2401 0.2471333 
GA ME  0.58 0.56 0.1 1 10.1764 0.81 0.3136 0.4333333 
GA MI  0.58 0.16 0.05 1 10.1764 0.9025 0.0256 0.3681667 
GA MN  0.58 0.22 0.04 1 10.1764 0.9216 0.0484 0.3821333 
GA MO  0.58 0.56 0.94 1 00.1764 0.0036 0.1936 0.1245333 
GA MS  0.58 0.55 0.92 1 00.1764 0.0064 0.2025 0.1284333 
GA N2  0.58 0.3 0.28 1 00.1764 0.5184 0.49 0.3949333 
GA NC  0.58 0.22 0.36 1 00.1764 0.4096 0.6084 0.3981333 
GA NH  0.58 0.46 0.11 1 10.1764 0.7921 0.2116 0.3933667 
GA NM  0.58 0.33 0.02 1 10.1764 0.9604 0.1089 0.4152333 
GA NV  0.58 0.22 0.12 1 10.1764 0.7744 0.0484 0.3330667 
GA OH  0.58 0.41 0.55 1 00.1764 0.2025 0.3481 0.2423333 
GA PA  0.58 0.24 0.16 1 10.1764 0.7056 0.0576 0.3132 
GA SC  0.58 0.54 0.9 1 00.1764 0.01 0.2116 0.1326667 
GA TX  0.58 0.4 0.62 1 00.1764 0.1444 0.36 0.2269333 
GA VA  0.58 0.18 0.01 1 10.1764 0.9801 0.0324 0.3963 
GA WI  0.58 0.16 0.06 1 10.1764 0.8836 0.0256 0.3618667 
IA AZ  0.4 0.15 0.32 0 10.16 0.4624 0.0225 0.2149667 
IA CO  0.4 0.19 0.03 0 10.16 0.9409 0.0361 0.379 
IA FL  0.4 0.13 0.31 0 00.16 0.0961 0.0169 0.091 
IA GA  0.4 0.18 0.42 0 10.16 0.3364 0.0324 0.1762667 
IA M2  0.4 0.19 0.43 0 00.16 0.1849 0.0361 0.127 
IA ME  0.4 0.18 0.1 0 10.16 0.81 0.0324 0.3341333 
IA MI  0.4 0.02 0.05 0 10.16 0.9025 4e-04 0.3543 
IA MN  0.4 0.02 0.04 0 10.16 0.9216 4e-04 0.3606667 
IA MO  0.4 0.36 0.94 0 00.16 0.8836 0.1296 0.3910667 
IA MS  0.4 0.37 0.92 0 00.16 0.8464 0.1369 0.3811 
IA N2  0.4 0.1 0.28 0 00.16 0.0784 0.01 0.0828 
IA NC  0.4 0.16 0.36 0 00.16 0.1296 0.0256 0.1050667 
IA NH  0.4 0.16 0.11 0 10.16 0.7921 0.0256 0.3259 
IA NM  0.4 0.23 0.02 0 10.16 0.9604 0.0529 0.3911 
IA NV  0.4 0.09 0.12 0 10.16 0.7744 0.0081 0.3141667 
IA OH  0.4 0.15 0.55 0 00.16 0.3025 0.0225 0.1616667 
IA PA  0.4 0.06 0.16 0 10.16 0.7056 0.0036 0.2897333 
IA SC  0.4 0.35 0.9 0 00.16 0.81 0.1225 0.3641667 
IA TX  0.4 0.24 0.62 0 00.16 0.3844 0.0576 0.2006667 
IA VA  0.4 0.13 0.01 0 10.16 0.9801 0.0169 0.3856667 
IA WI  0.4 0 0.06 0 10.16 0.8836 0 0.3478667 
M2 AZ  0.57 0.47 0.32 0 10.3249 0.4624 0.2209 0.3360667 
M2 CO  0.57 0.26 0.03 0 10.3249 0.9409 0.0676 0.4444667 
M2 FL  0.57 0.47 0.31 0 00.3249 0.0961 0.2209 0.2139667 
M2 GA  0.57 0.5 0.42 0 10.3249 0.3364 0.25 0.3037667 
M2 IA  0.57 0.43 0.6 0 00.3249 0.36 0.1849 0.2899333 
M2 ME  0.57 0.01 0.1 0 10.3249 0.81 1e-04 0.3783333 
M2 MI  0.57 0.13 0.05 0 10.3249 0.9025 0.0169 0.4147667 
M2 MN  0.57 0.14 0.04 0 10.3249 0.9216 0.0196 0.4220333 
M2 MO  0.57 0.55 0.94 0 00.3249 0.8836 0.3025 0.5036667 
M2 MS  0.57 0.57 0.92 0 00.3249 0.8464 0.3249 0.4987333 
M2 N2  0.57 0.43 0.28 0 00.3249 0.0784 0.1849 0.1960667 
M2 NC  0.57 0.36 0.36 0 00.3249 0.1296 0.1296 0.1947 
M2 NH  0.57 0.1 0.11 0 10.3249 0.7921 0.01 0.3756667 
M2 NM  0.57 0.3 0.02 0 10.3249 0.9604 0.09 0.4584333 
M2 NV  0.57 0.34 0.12 0 10.3249 0.7744 0.1156 0.4049667 
M2 OH  0.57 0.36 0.55 0 00.3249 0.3025 0.1296 0.2523333 
M2 PA  0.57 0.16 0.16 0 10.3249 0.7056 0.0256 0.3520333 
M2 SC  0.57 0.56 0.9 0 00.3249 0.81 0.3136 0.4828333 
M2 TX  0.57 0.52 0.62 0 00.3249 0.3844 0.2704 0.3265667 
M2 VA  0.57 0.25 0.01 0 10.3249 0.9801 0.0625 0.4558333 
M2 WI  0.57 0.18 0.06 0 10.3249 0.8836 0.0324 0.4136333 
ME AZ  0.9 0.87 0.32 1 10.01 0.4624 0.7569 0.4097667 
ME CO  0.9 0.47 0.03 1 10.01 0.9409 0.2209 0.3906 
ME FL  0.9 0.88 0.31 1 00.01 0.4761 0.0144 0.1668333 
ME GA  0.9 0.9 0.42 1 10.01 0.3364 0.81 0.3854667 
ME IA  0.9 0.87 0.6 1 00.01 0.16 0.0169 0.0623 
ME M2  0.9 0.77 0.43 1 00.01 0.3249 0.0529 0.1292667 
ME MI  0.9 0.51 0.05 1 10.01 0.9025 0.2601 0.3908667 
ME MN  0.9 0.46 0.04 1 10.01 0.9216 0.2116 0.3810667 
ME MO  0.9 0.9 0.94 1 00.01 0.0036 0.01 0.007866667 
ME MS  0.9 0.92 0.92 1 00.01 0.0064 0.0064 0.0076 
ME N2  0.9 0.83 0.28 1 00.01 0.5184 0.0289 0.1857667 
ME NC  0.9 0.82 0.36 1 00.01 0.4096 0.0324 0.1506667 
ME NH  0.9 0.38 0.11 1 10.01 0.7921 0.1444 0.3155 
ME NM  0.9 0.57 0.02 1 10.01 0.9604 0.3249 0.4317667 
ME NV  0.9 0.77 0.12 1 10.01 0.7744 0.5929 0.4591 
ME OH  0.9 0.83 0.55 1 00.01 0.2025 0.0289 0.08046667 
ME PA  0.9 0.63 0.16 1 10.01 0.7056 0.3969 0.3708333 
ME SC  0.9 0.91 0.9 1 00.01 0.01 0.0081 0.009366667 
ME TX  0.9 0.9 0.62 1 00.01 0.1444 0.01 0.0548 
ME VA  0.9 0.4 0.01 1 10.01 0.9801 0.16 0.3833667 
ME WI  0.9 0.59 0.06 1 10.01 0.8836 0.3481 0.4139 
MI AZ  0.95 0.86 0.32 1 10.0025 0.4624 0.7396 0.4015 
MI CO  0.95 0.55 0.03 1 10.0025 0.9409 0.3025 0.4153 
MI FL  0.95 0.86 0.31 1 00.0025 0.4761 0.0196 0.1660667 
MI GA  0.95 0.89 0.42 1 10.0025 0.3364 0.7921 0.377 
MI IA  0.95 0.91 0.6 1 00.0025 0.16 0.0081 0.05686667 
MI M2  0.95 0.89 0.43 1 00.0025 0.3249 0.0121 0.1131667 
MI ME  0.95 0.74 0.1 1 10.0025 0.81 0.5476 0.4533667 
MI MN  0.95 0.46 0.04 1 10.0025 0.9216 0.2116 0.3785667 
MI MO  0.95 0.94 0.94 1 00.0025 0.0036 0.0036 0.003233333 
MI MS  0.95 0.95 0.92 1 00.0025 0.0064 0.0025 0.0038 
MI N2  0.95 0.84 0.28 1 00.0025 0.5184 0.0256 0.1821667 
MI NC  0.95 0.87 0.36 1 00.0025 0.4096 0.0169 0.143 
MI NH  0.95 0.74 0.11 1 10.0025 0.7921 0.5476 0.4474 
MI NM  0.95 0.6 0.02 1 10.0025 0.9604 0.36 0.4409667 
MI NV  0.95 0.72 0.12 1 10.0025 0.7744 0.5184 0.4317667 
MI OH  0.95 0.9 0.55 1 00.0025 0.2025 0.01 0.07166667 
MI PA  0.95 0.72 0.16 1 10.0025 0.7056 0.5184 0.4088333 
MI SC  0.95 0.94 0.9 1 00.0025 0.01 0.0036 0.005366667 
MI TX  0.95 0.92 0.62 1 00.0025 0.1444 0.0064 0.0511 
MI VA  0.95 0.41 0.01 1 10.0025 0.9801 0.1681 0.3835667 
MI WI  0.95 0.47 0.06 1 10.0025 0.8836 0.2209 0.369 
MN AZ  0.96 0.91 0.32 1 10.0016 0.4624 0.8281 0.4307 
MN CO  0.96 0.6 0.03 1 10.0016 0.9409 0.36 0.4341667 
MN FL  0.96 0.9 0.31 1 00.0016 0.4761 0.01 0.1625667 
MN GA  0.96 0.92 0.42 1 10.0016 0.3364 0.8464 0.3948 
MN IA  0.96 0.93 0.6 1 00.0016 0.16 0.0049 0.0555 
MN M2  0.96 0.92 0.43 1 00.0016 0.3249 0.0064 0.1109667 
MN ME  0.96 0.77 0.1 1 10.0016 0.81 0.5929 0.4681667 
MN MI  0.96 0.57 0.05 1 10.0016 0.9025 0.3249 0.4096667 
MN MO  0.96 0.96 0.94 1 00.0016 0.0036 0.0016 0.002266667 
MN MS  0.96 0.96 0.92 1 00.0016 0.0064 0.0016 0.0032 
MN N2  0.96 0.87 0.28 1 00.0016 0.5184 0.0169 0.1789667 
MN NC  0.96 0.9 0.36 1 00.0016 0.4096 0.01 0.1404 
MN NH  0.96 0.72 0.11 1 10.0016 0.7921 0.5184 0.4373667 
MN NM  0.96 0.74 0.02 1 10.0016 0.9604 0.5476 0.5032 
MN NV  0.96 0.81 0.12 1 10.0016 0.7744 0.6561 0.4773667 
MN OH  0.96 0.93 0.55 1 00.0016 0.2025 0.0049 0.06966667 
MN PA  0.96 0.78 0.16 1 10.0016 0.7056 0.6084 0.4385333 
MN SC  0.96 0.96 0.9 1 00.0016 0.01 0.0016 0.0044 
MN TX  0.96 0.94 0.62 1 00.0016 0.1444 0.0036 0.04986667 
MN VA  0.96 0.33 0.01 1 10.0016 0.9801 0.1089 0.3635333 
MN WI  0.96 0.58 0.06 1 10.0016 0.8836 0.3364 0.4072 
MO AZ  0.06 0.04 0.32 0 10.0036 0.4624 0.0016 0.1558667 
MO CO  0.06 0.07 0.03 0 10.0036 0.9409 0.0049 0.3164667 
MO FL  0.06 0.02 0.31 0 00.0036 0.0961 4e-04 0.03336667 
MO GA  0.06 0.01 0.42 0 10.0036 0.3364 1e-04 0.1133667 
MO IA  0.06 0.01 0.6 0 00.0036 0.36 1e-04 0.1212333 
MO M2  0.06 0.01 0.43 0 00.0036 0.1849 1e-04 0.06286667 
MO ME  0.06 0.02 0.1 0 10.0036 0.81 4e-04 0.2713333 
MO MI  0.06 0.01 0.05 0 10.0036 0.9025 1e-04 0.3020667 
MO MN  0.06 0 0.04 0 10.0036 0.9216 0 0.3084 
MO MS  0.06 0.04 0.92 0 00.0036 0.8464 0.0016 0.2838667 
MO N2  0.06 0.01 0.28 0 00.0036 0.0784 1e-04 0.02736667 
MO NC  0.06 0 0.36 0 00.0036 0.1296 0 0.0444 
MO NH  0.06 0.01 0.11 0 10.0036 0.7921 1e-04 0.2652667 
MO NM  0.06 0.05 0.02 0 10.0036 0.9604 0.0025 0.3221667 
MO NV  0.06 0.01 0.12 0 10.0036 0.7744 1e-04 0.2593667 
MO OH  0.06 0.01 0.55 0 00.0036 0.3025 1e-04 0.1020667 
MO PA  0.06 0 0.16 0 10.0036 0.7056 0 0.2364 
MO SC  0.06 0.03 0.9 0 00.0036 0.81 9e-04 0.2715 
MO TX  0.06 0.02 0.62 0 00.0036 0.3844 4e-04 0.1294667 
MO VA  0.06 0.01 0.01 0 10.0036 0.9801 1e-04 0.3279333 
MO WI  0.06 0 0.06 0 10.0036 0.8836 0 0.2957333 
MS AZ  0.08 0.06 0.32 0 10.0064 0.4624 0.0036 0.1574667 
MS CO  0.08 0.35 0.03 0 10.0064 0.9409 0.1225 0.3566 
MS FL  0.08 0.02 0.31 0 00.0064 0.0961 4e-04 0.0343 
MS GA  0.08 0.01 0.42 0 10.0064 0.3364 1e-04 0.1143 
MS IA  0.08 0.05 0.6 0 00.0064 0.36 0.0025 0.1229667 
MS M2  0.08 0.09 0.43 0 00.0064 0.1849 0.0081 0.06646667 
MS ME  0.08 0.22 0.1 0 10.0064 0.81 0.0484 0.2882667 
MS MI  0.08 0.07 0.05 0 10.0064 0.9025 0.0049 0.3046 
MS MN  0.08 0.1 0.04 0 10.0064 0.9216 0.01 0.3126667 
MS MO  0.08 0.06 0.94 0 00.0064 0.8836 0.0036 0.2978667 
MS N2  0.08 0.07 0.28 0 00.0064 0.0784 0.0049 0.0299 
MS NC  0.08 0.02 0.36 0 00.0064 0.1296 4e-04 0.04546667 
MS NH  0.08 0.2 0.11 0 10.0064 0.7921 0.04 0.2795 
MS NM  0.08 0.14 0.02 0 10.0064 0.9604 0.0196 0.3288 
MS NV  0.08 0.05 0.12 0 10.0064 0.7744 0.0025 0.2611 
MS OH  0.08 0.06 0.55 0 00.0064 0.3025 0.0036 0.1041667 
MS PA  0.08 0.07 0.16 0 10.0064 0.7056 0.0049 0.2389667 
MS SC  0.08 0.03 0.9 0 00.0064 0.81 9e-04 0.2724333 
MS TX  0.08 0.03 0.62 0 00.0064 0.3844 9e-04 0.1305667 
MS VA  0.08 0.17 0.01 0 10.0064 0.9801 0.0289 0.3384667 
MS WI  0.08 0.05 0.06 0 10.0064 0.8836 0.0025 0.2975 
N2 AZ  0.72 0.5 0.32 0 10.5184 0.4624 0.25 0.4102667 
N2 CO  0.72 0.28 0.03 0 10.5184 0.9409 0.0784 0.5125667 
N2 FL  0.72 0.46 0.31 0 00.5184 0.0961 0.2116 0.2753667 
N2 GA  0.72 0.52 0.42 0 10.5184 0.3364 0.2704 0.3750667 
N2 IA  0.72 0.58 0.6 0 00.5184 0.36 0.3364 0.4049333 
N2 M2  0.72 0.62 0.43 0 00.5184 0.1849 0.3844 0.3625667 
N2 ME  0.72 0.52 0.1 0 10.5184 0.81 0.2704 0.5329333 
N2 MI  0.72 0.17 0.05 0 10.5184 0.9025 0.0289 0.4832667 
N2 MN  0.72 0.1 0.04 0 10.5184 0.9216 0.01 0.4833333 
N2 MO  0.72 0.7 0.94 0 00.5184 0.8836 0.49 0.6306667 
N2 MS  0.72 0.71 0.92 0 00.5184 0.8464 0.5041 0.6229667 
N2 NC  0.72 0.5 0.36 0 00.5184 0.1296 0.25 0.2993333 
N2 NH  0.72 0.35 0.11 0 10.5184 0.7921 0.1225 0.4776667 
N2 NM  0.72 0.49 0.02 0 10.5184 0.9604 0.2401 0.5729667 
N2 NV  0.72 0.37 0.12 0 10.5184 0.7744 0.1369 0.4765667 
N2 OH  0.72 0.55 0.55 0 00.5184 0.3025 0.3025 0.3744667 
N2 PA  0.72 0.27 0.16 0 10.5184 0.7056 0.0729 0.4323 
N2 SC  0.72 0.7 0.9 0 00.5184 0.81 0.49 0.6061333 
N2 TX  0.72 0.6 0.62 0 00.5184 0.3844 0.36 0.4209333 
N2 VA  0.72 0.11 0.01 0 10.5184 0.9801 0.0121 0.5035333 
N2 WI  0.72 0.13 0.06 0 10.5184 0.8836 0.0169 0.4729667 
NC AZ  0.64 0.45 0.32 0 10.4096 0.4624 0.2025 0.3581667 
NC CO  0.64 0.36 0.03 0 10.4096 0.9409 0.1296 0.4933667 
NC FL  0.64 0.31 0.31 0 00.4096 0.0961 0.0961 0.2006 
NC GA  0.64 0.33 0.42 0 10.4096 0.3364 0.1089 0.2849667 
NC IA  0.64 0.5 0.6 0 00.4096 0.36 0.25 0.3398667 
NC M2  0.64 0.46 0.43 0 00.4096 0.1849 0.2116 0.2687 
NC ME  0.64 0.36 0.1 0 10.4096 0.81 0.1296 0.4497333 
NC MI  0.64 0.13 0.05 0 10.4096 0.9025 0.0169 0.443 
NC MN  0.64 0.14 0.04 0 10.4096 0.9216 0.0196 0.4502667 
NC MO  0.64 0.62 0.94 0 00.4096 0.8836 0.3844 0.5592 
NC MS  0.64 0.61 0.92 0 00.4096 0.8464 0.3721 0.5427 
NC N2  0.64 0.36 0.28 0 00.4096 0.0784 0.1296 0.2058667 
NC NH  0.64 0.31 0.11 0 10.4096 0.7921 0.0961 0.4326 
NC NM  0.64 0.29 0.02 0 10.4096 0.9604 0.0841 0.4847 
NC NV  0.64 0.27 0.12 0 10.4096 0.7744 0.0729 0.4189667 
NC OH  0.64 0.44 0.55 0 00.4096 0.3025 0.1936 0.3019 
NC PA  0.64 0.17 0.16 0 10.4096 0.7056 0.0289 0.3813667 
NC SC  0.64 0.6 0.9 0 00.4096 0.81 0.36 0.5265333 
NC TX  0.64 0.48 0.62 0 00.4096 0.3844 0.2304 0.3414667 
NC VA  0.64 0.07 0.01 0 10.4096 0.9801 0.0049 0.4648667 
NC WI  0.64 0.18 0.06 0 10.4096 0.8836 0.0324 0.4418667 
NH AZ  0.89 0.85 0.32 1 10.0121 0.4624 0.7225 0.399 
NH CO  0.89 0.37 0.03 1 10.0121 0.9409 0.1369 0.3633 
NH FL  0.89 0.83 0.31 1 00.0121 0.4761 0.0289 0.1723667 
NH GA  0.89 0.86 0.42 1 10.0121 0.3364 0.7396 0.3627 
NH IA  0.89 0.85 0.6 1 00.0121 0.16 0.0225 0.06486667 
NH M2  0.89 0.77 0.43 1 00.0121 0.3249 0.0529 0.1299667 
NH ME  0.89 0.31 0.1 1 10.0121 0.81 0.0961 0.3060667 
NH MI  0.89 0.47 0.05 1 10.0121 0.9025 0.2209 0.3785 
NH MN  0.89 0.28 0.04 1 10.0121 0.9216 0.0784 0.3373667 
NH MO  0.89 0.89 0.94 1 00.0121 0.0036 0.0121 0.009266667 
NH MS  0.89 0.9 0.92 1 00.0121 0.0064 0.01 0.0095 
NH N2  0.89 0.75 0.28 1 00.0121 0.5184 0.0625 0.1976667 
NH NC  0.89 0.79 0.36 1 00.0121 0.4096 0.0441 0.1552667 
NH NM  0.89 0.63 0.02 1 10.0121 0.9604 0.3969 0.4564667 
NH NV  0.89 0.73 0.12 1 10.0121 0.7744 0.5329 0.4398 
NH OH  0.89 0.82 0.55 1 00.0121 0.2025 0.0324 0.08233333 
NH PA  0.89 0.54 0.16 1 10.0121 0.7056 0.2916 0.3364333 
NH SC  0.89 0.89 0.9 1 00.0121 0.01 0.0121 0.0114 
NH TX  0.89 0.87 0.62 1 00.0121 0.1444 0.0169 0.0578 
NH VA  0.89 0.14 0.01 1 10.0121 0.9801 0.0196 0.3372667 
NH WI  0.89 0.49 0.06 1 10.0121 0.8836 0.2401 0.3786 
NM AZ  0.98 0.94 0.32 1 14e-04 0.4624 0.8836 0.4488 
NM CO  0.98 0.77 0.03 1 14e-04 0.9409 0.5929 0.5114 
NM FL  0.98 0.94 0.31 1 04e-04 0.4761 0.0036 0.1600333 
NM GA  0.98 0.96 0.42 1 14e-04 0.3364 0.9216 0.4194667 
NM IA  0.98 0.97 0.6 1 04e-04 0.16 9e-04 0.05376667 
NM M2  0.98 0.96 0.43 1 04e-04 0.3249 0.0016 0.1089667 
NM ME  0.98 0.9 0.1 1 14e-04 0.81 0.81 0.5401333 
NM MI  0.98 0.83 0.05 1 14e-04 0.9025 0.6889 0.5306 
NM MN  0.98 0.86 0.04 1 14e-04 0.9216 0.7396 0.5538667 
NM MO  0.98 0.98 0.94 1 04e-04 0.0036 4e-04 0.001466667 
NM MS  0.98 0.98 0.92 1 04e-04 0.0064 4e-04 0.0024 
NM N2  0.98 0.96 0.28 1 04e-04 0.5184 0.0016 0.1734667 
NM NC  0.98 0.96 0.36 1 04e-04 0.4096 0.0016 0.1372 
NM NH  0.98 0.92 0.11 1 14e-04 0.7921 0.8464 0.5463 
NM NV  0.98 0.86 0.12 1 14e-04 0.7744 0.7396 0.5048 
NM OH  0.98 0.97 0.55 1 04e-04 0.2025 9e-04 0.06793333 
NM PA  0.98 0.92 0.16 1 14e-04 0.7056 0.8464 0.5174667 
NM SC  0.98 0.98 0.9 1 04e-04 0.01 4e-04 0.0036 
NM TX  0.98 0.97 0.62 1 04e-04 0.1444 9e-04 0.04856667 
NM VA  0.98 0.74 0.01 1 14e-04 0.9801 0.5476 0.5093667 
NM WI  0.98 0.86 0.06 1 14e-04 0.8836 0.7396 0.5412 
NV AZ  0.88 0.67 0.32 1 10.0144 0.4624 0.4489 0.3085667 
NV CO  0.88 0.47 0.03 1 10.0144 0.9409 0.2209 0.3920667 
NV FL  0.88 0.68 0.31 1 00.0144 0.4761 0.1024 0.1976333 
NV GA  0.88 0.77 0.42 1 10.0144 0.3364 0.5929 0.3145667 
NV IA  0.88 0.82 0.6 1 00.0144 0.16 0.0324 0.06893333 
NV M2  0.88 0.81 0.43 1 00.0144 0.3249 0.0361 0.1251333 
NV ME  0.88 0.72 0.1 1 10.0144 0.81 0.5184 0.4476 
NV MI  0.88 0.36 0.05 1 10.0144 0.9025 0.1296 0.3488333 
NV MN  0.88 0.44 0.04 1 10.0144 0.9216 0.1936 0.3765333 
NV MO  0.88 0.87 0.94 1 00.0144 0.0036 0.0169 0.01163333 
NV MS  0.88 0.87 0.92 1 00.0144 0.0064 0.0169 0.01256667 
NV N2  0.88 0.73 0.28 1 00.0144 0.5184 0.0729 0.2019 
NV NC  0.88 0.75 0.36 1 00.0144 0.4096 0.0625 0.1621667 
NV NH  0.88 0.7 0.11 1 10.0144 0.7921 0.49 0.4321667 
NV NM  0.88 0.25 0.02 1 10.0144 0.9604 0.0625 0.3457667 
NV OH  0.88 0.81 0.55 1 00.0144 0.2025 0.0361 0.08433333 
NV PA  0.88 0.59 0.16 1 10.0144 0.7056 0.3481 0.3560333 
NV SC  0.88 0.87 0.9 1 00.0144 0.01 0.0169 0.01376667 
NV TX  0.88 0.81 0.62 1 00.0144 0.1444 0.0361 0.06496667 
NV VA  0.88 0.48 0.01 1 10.0144 0.9801 0.2304 0.4083 
NV WI  0.88 0.37 0.06 1 10.0144 0.8836 0.1369 0.3449667 
OH AZ  0.45 0.23 0.32 0 10.2025 0.4624 0.0529 0.2392667 
OH CO  0.45 0.11 0.03 0 10.2025 0.9409 0.0121 0.3851667 
OH FL  0.45 0.19 0.31 0 00.2025 0.0961 0.0361 0.1115667 
OH GA  0.45 0.23 0.42 0 10.2025 0.3364 0.0529 0.1972667 
OH IA  0.45 0.23 0.6 0 00.2025 0.36 0.0529 0.2051333 
OH M2  0.45 0.19 0.43 0 00.2025 0.1849 0.0361 0.1411667 
OH ME  0.45 0.08 0.1 0 10.2025 0.81 0.0064 0.3396333 
OH MI  0.45 0.01 0.05 0 10.2025 0.9025 1e-04 0.3683667 
OH MN  0.45 0.03 0.04 0 10.2025 0.9216 9e-04 0.375 
OH MO  0.45 0.42 0.94 0 00.2025 0.8836 0.1764 0.4208333 
OH MS  0.45 0.44 0.92 0 00.2025 0.8464 0.1936 0.4141667 
OH N2  0.45 0.14 0.28 0 00.2025 0.0784 0.0196 0.1001667 
OH NC  0.45 0.15 0.36 0 00.2025 0.1296 0.0225 0.1182 
OH NH  0.45 0.09 0.11 0 10.2025 0.7921 0.0081 0.3342333 
OH NM  0.45 0.21 0.02 0 10.2025 0.9604 0.0441 0.4023333 
OH NV  0.45 0.13 0.12 0 10.2025 0.7744 0.0169 0.3312667 
OH PA  0.45 0.03 0.16 0 10.2025 0.7056 9e-04 0.303 
OH SC  0.45 0.42 0.9 0 00.2025 0.81 0.1764 0.3963 
OH TX  0.45 0.3 0.62 0 00.2025 0.3844 0.09 0.2256333 
OH VA  0.45 0.06 0.01 0 10.2025 0.9801 0.0036 0.3954 
OH WI  0.45 0.04 0.06 0 10.2025 0.8836 0.0016 0.3625667 
PA AZ  0.84 0.69 0.32 1 10.0256 0.4624 0.4761 0.3213667 
PA CO  0.84 0.35 0.03 1 10.0256 0.9409 0.1225 0.363 
PA FL  0.84 0.64 0.31 1 00.0256 0.4761 0.1296 0.2104333 
PA GA  0.84 0.72 0.42 1 10.0256 0.3364 0.5184 0.2934667 
PA IA  0.84 0.76 0.6 1 00.0256 0.16 0.0576 0.08106667 
PA M2  0.84 0.69 0.43 1 00.0256 0.3249 0.0961 0.1488667 
PA ME  0.84 0.41 0.1 1 10.0256 0.81 0.1681 0.3345667 
PA MI  0.84 0.17 0.05 1 10.0256 0.9025 0.0289 0.319 
PA MN  0.84 0.17 0.04 1 10.0256 0.9216 0.0289 0.3253667 
PA MO  0.84 0.83 0.94 1 00.0256 0.0036 0.0289 0.01936667 
PA MS  0.84 0.84 0.92 1 00.0256 0.0064 0.0256 0.0192 
PA N2  0.84 0.59 0.28 1 00.0256 0.5184 0.1681 0.2373667 
PA NC  0.84 0.64 0.36 1 00.0256 0.4096 0.1296 0.1882667 
PA NH  0.84 0.34 0.11 1 10.0256 0.7921 0.1156 0.3111 
PA NM  0.84 0.46 0.02 1 10.0256 0.9604 0.2116 0.3992 
PA NV  0.84 0.47 0.12 1 10.0256 0.7744 0.2209 0.3403 
PA OH  0.84 0.72 0.55 1 00.0256 0.2025 0.0784 0.1021667 
PA SC  0.84 0.83 0.9 1 00.0256 0.01 0.0289 0.0215 
PA TX  0.84 0.77 0.62 1 00.0256 0.1444 0.0529 0.0743 
PA VA  0.84 0.13 0.01 1 10.0256 0.9801 0.0169 0.3408667 
PA WI  0.84 0.22 0.06 1 10.0256 0.8836 0.0484 0.3192 
SC AZ  0.1 0.04 0.32 0 10.01 0.4624 0.0016 0.158 
SC CO  0.1 0.19 0.03 0 10.01 0.9409 0.0361 0.329 
SC FL  0.1 0.01 0.31 0 00.01 0.0961 1e-04 0.0354 
SC GA  0.1 0 0.42 0 10.01 0.3364 0 0.1154667 
SC IA  0.1 0.03 0.6 0 00.01 0.36 9e-04 0.1236333 
SC M2  0.1 0.07 0.43 0 00.01 0.1849 0.0049 0.0666 
SC ME  0.1 0.14 0.1 0 10.01 0.81 0.0196 0.2798667 
SC MI  0.1 0.03 0.05 0 10.01 0.9025 9e-04 0.3044667 
SC MN  0.1 0.05 0.04 0 10.01 0.9216 0.0025 0.3113667 
SC MO  0.1 0.06 0.94 0 00.01 0.8836 0.0036 0.2990667 
SC MS  0.1 0.05 0.92 0 00.01 0.8464 0.0025 0.2863 
SC N2  0.1 0.04 0.28 0 00.01 0.0784 0.0016 0.03 
SC NC  0.1 0.01 0.36 0 00.01 0.1296 1e-04 0.04656667 
SC NH  0.1 0.12 0.11 0 10.01 0.7921 0.0144 0.2721667 
SC NM  0.1 0.09 0.02 0 10.01 0.9604 0.0081 0.3261667 
SC NV  0.1 0.03 0.12 0 10.01 0.7744 9e-04 0.2617667 
SC OH  0.1 0.04 0.55 0 00.01 0.3025 0.0016 0.1047 
SC PA  0.1 0.03 0.16 0 10.01 0.7056 9e-04 0.2388333 
SC TX  0.1 0.02 0.62 0 00.01 0.3844 4e-04 0.1316 
SC VA  0.1 0.06 0.01 0 10.01 0.9801 0.0036 0.3312333 
SC WI  0.1 0.02 0.06 0 10.01 0.8836 4e-04 0.298 
TX AZ  0.38 0.11 0.32 0 10.1444 0.4624 0.0121 0.2063 
TX CO  0.38 0.22 0.03 0 10.1444 0.9409 0.0484 0.3779 
TX FL  0.38 0.06 0.31 0 00.1444 0.0961 0.0036 0.08136667 
TX GA  0.38 0.11 0.42 0 10.1444 0.3364 0.0121 0.1643 
TX IA  0.38 0.22 0.6 0 00.1444 0.36 0.0484 0.1842667 
TX M2  0.38 0.3 0.43 0 00.1444 0.1849 0.09 0.1397667 
TX ME  0.38 0.35 0.1 0 10.1444 0.81 0.1225 0.3589667 
TX MI  0.38 0.08 0.05 0 10.1444 0.9025 0.0064 0.3511 
TX MN  0.38 0.1 0.04 0 10.1444 0.9216 0.01 0.3586667 
TX MO  0.38 0.35 0.94 0 00.1444 0.8836 0.1225 0.3835 
TX MS  0.38 0.35 0.92 0 00.1444 0.8464 0.1225 0.3711 
TX N2  0.38 0.13 0.28 0 00.1444 0.0784 0.0169 0.0799 
TX NC  0.38 0.1 0.36 0 00.1444 0.1296 0.01 0.09466667 
TX NH  0.38 0.26 0.11 0 10.1444 0.7921 0.0676 0.3347 
TX NM  0.38 0.07 0.02 0 10.1444 0.9604 0.0049 0.3699 
TX NV  0.38 0.04 0.12 0 10.1444 0.7744 0.0016 0.3068 
TX OH  0.38 0.21 0.55 0 00.1444 0.3025 0.0441 0.1636667 
TX PA  0.38 0.11 0.16 0 10.1444 0.7056 0.0121 0.2873667 
TX SC  0.38 0.33 0.9 0 00.1444 0.81 0.1089 0.3544333 
TX VA  0.38 0.09 0.01 0 10.1444 0.9801 0.0081 0.3775333 
TX WI  0.38 0.08 0.06 0 10.1444 0.8836 0.0064 0.3448 
VA AZ  0.99 0.98 0.32 1 11e-04 0.4624 0.9604 0.4743 
VA CO  0.99 0.84 0.03 1 11e-04 0.9409 0.7056 0.5488667 
VA FL  0.99 0.98 0.31 1 01e-04 0.4761 4e-04 0.1588667 
VA GA  0.99 0.98 0.42 1 11e-04 0.3364 0.9604 0.4323 
VA IA  0.99 0.99 0.6 1 01e-04 0.16 1e-04 0.0534 
VA M2  0.99 0.98 0.43 1 01e-04 0.3249 4e-04 0.1084667 
VA ME  0.99 0.94 0.1 1 11e-04 0.81 0.8836 0.5645667 
VA MI  0.99 0.89 0.05 1 11e-04 0.9025 0.7921 0.5649 
VA MN  0.99 0.84 0.04 1 11e-04 0.9216 0.7056 0.5424333 
VA MO  0.99 0.99 0.94 1 01e-04 0.0036 1e-04 0.001266667 
VA MS  0.99 0.99 0.92 1 01e-04 0.0064 1e-04 0.0022 
VA N2  0.99 0.97 0.28 1 01e-04 0.5184 9e-04 0.1731333 
VA NC  0.99 0.97 0.36 1 01e-04 0.4096 9e-04 0.1368667 
VA NH  0.99 0.92 0.11 1 11e-04 0.7921 0.8464 0.5462 
VA NM  0.99 0.89 0.02 1 11e-04 0.9604 0.7921 0.5842 
VA NV  0.99 0.96 0.12 1 11e-04 0.7744 0.9216 0.5653667 
VA OH  0.99 0.98 0.55 1 01e-04 0.2025 4e-04 0.06766667 
VA PA  0.99 0.95 0.16 1 11e-04 0.7056 0.9025 0.5360667 
VA SC  0.99 0.99 0.9 1 01e-04 0.01 1e-04 0.0034 
VA TX  0.99 0.99 0.62 1 01e-04 0.1444 1e-04 0.0482 
VA WI  0.99 0.92 0.06 1 11e-04 0.8836 0.8464 0.5767 
WI AZ  0.94 0.85 0.32 1 10.0036 0.4624 0.7225 0.3961667 
WI CO  0.94 0.65 0.03 1 10.0036 0.9409 0.4225 0.4556667 
WI FL  0.94 0.84 0.31 1 00.0036 0.4761 0.0256 0.1684333 
WI GA  0.94 0.89 0.42 1 10.0036 0.3364 0.7921 0.3773667 
WI IA  0.94 0.91 0.6 1 00.0036 0.16 0.0081 0.05723333 
WI M2  0.94 0.89 0.43 1 00.0036 0.3249 0.0121 0.1135333 
WI ME  0.94 0.76 0.1 1 10.0036 0.81 0.5776 0.4637333 
WI MI  0.94 0.44 0.05 1 10.0036 0.9025 0.1936 0.3665667 
WI MN  0.94 0.43 0.04 1 10.0036 0.9216 0.1849 0.3700333 
WI MO  0.94 0.94 0.94 1 00.0036 0.0036 0.0036 0.0036 
WI MS  0.94 0.94 0.92 1 00.0036 0.0064 0.0036 0.004533333 
WI N2  0.94 0.83 0.28 1 00.0036 0.5184 0.0289 0.1836333 
WI NC  0.94 0.87 0.36 1 00.0036 0.4096 0.0169 0.1433667 
WI NH  0.94 0.74 0.11 1 10.0036 0.7921 0.5476 0.4477667 
WI NM  0.94 0.66 0.02 1 10.0036 0.9604 0.4356 0.4665333 
WI NV  0.94 0.71 0.12 1 10.0036 0.7744 0.5041 0.4273667 
WI OH  0.94 0.9 0.55 1 00.0036 0.2025 0.01 0.07203333 
WI PA  0.94 0.72 0.16 1 10.0036 0.7056 0.5184 0.4092 
WI SC  0.94 0.94 0.9 1 00.0036 0.01 0.0036 0.005733333 
WI TX  0.94 0.92 0.62 1 00.0036 0.1444 0.0064 0.05146667 
WI VA  0.94 0.53 0.01 1 10.0036 0.9801 0.2809 0.4215333 
The average brier score with the third way of testing it is(BT) 0.2884447