State1: State2: Win Prob(State1): Conditional Prob(State1): Win Prob(State2): Outcome1: Outcome2: Brier Score(State1): Brier Score(State2): Brier Score(Conditional): Brier Score(Average)
AZ CO 0.32 0.76 0.03 1 1 0.4624 0.9409 0.00051984 0.4679399 
AZ FL 0.32 0.68 0.31 1 0 0.4624 0.0961 0.04443664 0.2009789 
AZ GA 0.32 0.51 0.42 1 1 0.4624 0.3364 0.04588164 0.2815605 
AZ IA 0.32 0.45 0.6 1 0 0.4624 0.36 0.0729 0.2984333 
AZ M2 0.32 0.39 0.43 1 0 0.4624 0.1849 0.02812329 0.2251411 
AZ ME 0.32 0.41 0.1 1 1 0.4624 0.81 0.001681 0.4246937 
AZ MI 0.32 0.82 0.05 1 1 0.4624 0.9025 0.001681 0.455527 
AZ MN 0.32 0.68 0.04 1 1 0.4624 0.9216 0.00073984 0.4615799 
AZ MO 0.32 0.33 0.94 1 0 0.4624 0.8836 0.09622404 0.4807413 
AZ MS 0.32 0.33 0.92 1 0 0.4624 0.8464 0.09217296 0.466991 
AZ N2 0.32 0.56 0.28 1 0 0.4624 0.0784 0.02458624 0.1884621 
AZ NC 0.32 0.48 0.36 1 0 0.4624 0.1296 0.02985984 0.2072866 
AZ NH 0.32 0.44 0.11 1 1 0.4624 0.7921 0.00234256 0.4189475 
AZ NM 0.32 0.88 0.02 1 1 0.4624 0.9604 0.00030976 0.4743699 
AZ NV 0.32 0.88 0.12 1 1 0.4624 0.7744 0.01115136 0.4159838 
AZ OH 0.32 0.45 0.55 1 0 0.4624 0.3025 0.06125625 0.2753854 
AZ PA 0.32 0.63 0.16 1 1 0.4624 0.7056 0.01016064 0.3927202 
AZ SC 0.32 0.34 0.9 1 0 0.4624 0.81 0.093636 0.4553453 
AZ TX 0.32 0.46 0.62 1 0 0.4624 0.3844 0.08133904 0.3093797 
AZ VA 0.32 0.59 0.01 1 1 0.4624 0.9801 3.481e-05 0.4808449 
AZ WI 0.32 0.83 0.06 1 1 0.4624 0.8836 0.00248004 0.4494933 
CO AZ 0.03 0.07 0.32 1 1 0.9409 0.4624 0.00050176 0.4679339 
CO FL 0.03 0.06 0.31 1 0 0.9409 0.0961 0.00034596 0.345782 
CO GA 0.03 0.04 0.42 1 1 0.9409 0.3364 0.00028224 0.4258607 
CO IA 0.03 0.04 0.6 1 0 0.9409 0.36 0.000576 0.4338253 
CO M2 0.03 0.05 0.43 1 0 0.9409 0.1849 0.00046225 0.3754207 
CO ME 0.03 0.17 0.1 1 1 0.9409 0.81 0.000289 0.5837297 
CO MI 0.03 0.27 0.05 1 1 0.9409 0.9025 0.00018225 0.6145274 
CO MN 0.03 0.3 0.04 1 1 0.9409 0.9216 0.000144 0.6208813 
CO MO 0.03 0.03 0.94 1 0 0.9409 0.8836 0.00079524 0.6084317 
CO MS 0.03 0.02 0.92 1 0 0.9409 0.8464 0.00033856 0.5958795 
CO N2 0.03 0.08 0.28 1 0 0.9409 0.0784 0.00050176 0.3399339 
CO NC 0.03 0.06 0.36 1 0 0.9409 0.1296 0.00046656 0.3569889 
CO NH 0.03 0.18 0.11 1 1 0.9409 0.7921 0.00039204 0.5777973 
CO NM 0.03 0.33 0.02 1 1 0.9409 0.9604 4.356e-05 0.6337812 
CO NV 0.03 0.14 0.12 1 1 0.9409 0.7744 0.00028224 0.5718607 
CO OH 0.03 0.05 0.55 1 0 0.9409 0.3025 0.00075625 0.4147188 
CO PA 0.03 0.13 0.16 1 1 0.9409 0.7056 0.00043264 0.5489775 
CO SC 0.03 0.03 0.9 1 0 0.9409 0.81 0.000729 0.5838763 
CO TX 0.03 0.04 0.62 1 0 0.9409 0.3844 0.00061504 0.4419717 
CO VA 0.03 0.52 0.01 1 1 0.9409 0.9801 2.704e-05 0.6403423 
CO WI 0.03 0.2 0.06 1 1 0.9409 0.8836 0.000144 0.6082147 
FL AZ 0.31 0.66 0.32 0 1 0.0961 0.4624 0.04460544 0.2010351 
FL CO 0.31 0.59 0.03 0 1 0.0961 0.9409 0.00031329 0.3457711 
FL GA 0.31 0.6 0.42 0 1 0.0961 0.3364 0.063504 0.1653347 
FL IA 0.31 0.45 0.6 0 0 0.4761 0.16 0.5329 0.3896667 
FL M2 0.31 0.38 0.43 0 0 0.4761 0.3249 0.6998996 0.5002999 
FL ME 0.31 0.39 0.1 0 1 0.0961 0.81 0.001521 0.3025403 
FL MI 0.31 0.84 0.05 0 1 0.0961 0.9025 0.001764 0.3334547 
FL MN 0.31 0.72 0.04 0 1 0.0961 0.9216 0.00082944 0.3395098 
FL MO 0.31 0.32 0.94 0 0 0.4761 0.0036 0.4888806 0.3228602 
FL MS 0.31 0.33 0.92 0 0 0.4761 0.0064 0.484973 0.322491 
FL N2 0.31 0.58 0.28 0 0 0.4761 0.5184 0.7015738 0.5653579 
FL NC 0.31 0.59 0.36 0 0 0.4761 0.4096 0.6203138 0.5020046 
FL NH 0.31 0.47 0.11 0 1 0.0961 0.7921 0.00267289 0.2969576 
FL NM 0.31 0.77 0.02 0 1 0.0961 0.9604 0.00023716 0.3522457 
FL NV 0.31 0.82 0.12 0 1 0.0961 0.7744 0.00968256 0.2933942 
FL OH 0.31 0.46 0.55 0 0 0.4761 0.2025 0.558009 0.412203 
FL PA 0.31 0.7 0.16 0 1 0.0961 0.7056 0.012544 0.2714147 
FL SC 0.31 0.34 0.9 0 0 0.4761 0.01 0.481636 0.3225787 
FL TX 0.31 0.47 0.62 0 0 0.4761 0.1444 0.502114 0.3742047 
FL VA 0.31 0.7 0.01 0 1 0.0961 0.9801 4.9e-05 0.3587497 
FL WI 0.31 0.86 0.06 0 1 0.0961 0.8836 0.00266256 0.3274542 
GA AZ 0.42 0.67 0.32 1 1 0.3364 0.4624 0.04596736 0.2815891 
GA CO 0.42 0.59 0.03 1 1 0.3364 0.9409 0.00031329 0.4258711 
GA FL 0.42 0.81 0.31 1 0 0.3364 0.0961 0.06305121 0.1651837 
GA IA 0.42 0.57 0.6 1 0 0.3364 0.36 0.116964 0.2711213 
GA M2 0.42 0.49 0.43 1 0 0.3364 0.1849 0.04439449 0.1885648 
GA ME 0.42 0.44 0.1 1 1 0.3364 0.81 0.001936 0.3827787 
GA MI 0.42 0.84 0.05 1 1 0.3364 0.9025 0.001764 0.4135547 
GA MN 0.42 0.78 0.04 1 1 0.3364 0.9216 0.00097344 0.4196578 
GA MO 0.42 0.44 0.94 1 0 0.3364 0.8836 0.171065 0.4636883 
GA MS 0.42 0.45 0.92 1 0 0.3364 0.8464 0.171396 0.4513987 
GA N2 0.42 0.7 0.28 1 0 0.3364 0.0784 0.038416 0.151072 
GA NC 0.42 0.78 0.36 1 0 0.3364 0.1296 0.07884864 0.1816162 
GA NH 0.42 0.54 0.11 1 1 0.3364 0.7921 0.00352836 0.3773428 
GA NM 0.42 0.67 0.02 1 1 0.3364 0.9604 0.00017956 0.4323265 
GA NV 0.42 0.78 0.12 1 1 0.3364 0.7744 0.00876096 0.373187 
GA OH 0.42 0.59 0.55 1 0 0.3364 0.3025 0.1053003 0.2480668 
GA PA 0.42 0.76 0.16 1 1 0.3364 0.7056 0.01478656 0.3522622 
GA SC 0.42 0.46 0.9 1 0 0.3364 0.81 0.171396 0.4392653 
GA TX 0.42 0.6 0.62 1 0 0.3364 0.3844 0.138384 0.2863947 
GA VA 0.42 0.82 0.01 1 1 0.3364 0.9801 6.724e-05 0.4388557 
GA WI 0.42 0.84 0.06 1 1 0.3364 0.8836 0.00254016 0.4075134 
IA AZ 0.6 0.85 0.32 0 1 0.36 0.4624 0.073984 0.2987947 
IA CO 0.6 0.81 0.03 0 1 0.36 0.9409 0.00059049 0.4338302 
IA FL 0.6 0.87 0.31 0 0 0.16 0.4761 0.5333381 0.3898127 
IA GA 0.6 0.82 0.42 0 1 0.36 0.3364 0.1186114 0.2716705 
IA M2 0.6 0.81 0.43 0 0 0.16 0.3249 0.4247129 0.3032043 
IA ME 0.6 0.82 0.1 0 1 0.36 0.81 0.006724 0.3922413 
IA MI 0.6 0.98 0.05 0 1 0.36 0.9025 0.002401 0.4216337 
IA MN 0.6 0.98 0.04 0 1 0.36 0.9216 0.00153664 0.4277122 
IA MO 0.6 0.64 0.94 0 0 0.16 0.0036 0.1587226 0.1074409 
IA MS 0.6 0.63 0.92 0 0 0.16 0.0064 0.1767362 0.1143787 
IA N2 0.6 0.9 0.28 0 0 0.16 0.5184 0.559504 0.4126347 
IA NC 0.6 0.84 0.36 0 0 0.16 0.4096 0.4866458 0.3520819 
IA NH 0.6 0.84 0.11 0 1 0.36 0.7921 0.00853776 0.3868793 
IA NM 0.6 0.77 0.02 0 1 0.36 0.9604 0.00023716 0.4402124 
IA NV 0.6 0.91 0.12 0 1 0.36 0.7744 0.01192464 0.3821082 
IA OH 0.6 0.85 0.55 0 0 0.16 0.2025 0.2835562 0.2153521 
IA PA 0.6 0.94 0.16 0 1 0.36 0.7056 0.02262016 0.3627401 
IA SC 0.6 0.65 0.9 0 0 0.16 0.01 0.172225 0.114075 
IA TX 0.6 0.76 0.62 0 0 0.16 0.1444 0.2796294 0.1946765 
IA VA 0.6 0.87 0.01 0 1 0.36 0.9801 7.569e-05 0.4467252 
IA WI 0.6 1 0.06 0 1 0.36 0.8836 0.0036 0.4157333 
M2 AZ 0.43 0.53 0.32 0 1 0.1849 0.4624 0.02876416 0.2253547 
M2 CO 0.43 0.74 0.03 0 1 0.1849 0.9409 0.00049284 0.3754309 
M2 FL 0.43 0.53 0.31 0 0 0.3249 0.4761 0.6983945 0.4997982 
M2 GA 0.43 0.5 0.42 0 1 0.1849 0.3364 0.0441 0.1884667 
M2 IA 0.43 0.57 0.6 0 0 0.3249 0.16 0.432964 0.3059547 
M2 ME 0.43 0.99 0.1 0 1 0.1849 0.81 0.009801 0.3349003 
M2 MI 0.43 0.87 0.05 0 1 0.1849 0.9025 0.00189225 0.3630974 
M2 MN 0.43 0.86 0.04 0 1 0.1849 0.9216 0.00118336 0.3692278 
M2 MO 0.43 0.45 0.94 0 0 0.3249 0.0036 0.332929 0.2204763 
M2 MS 0.43 0.43 0.92 0 0 0.3249 0.0064 0.3652994 0.2321998 
M2 N2 0.43 0.57 0.28 0 0 0.3249 0.5184 0.7062722 0.5165241 
M2 NC 0.43 0.64 0.36 0 0 0.3249 0.4096 0.5922842 0.4422614 
M2 NH 0.43 0.9 0.11 0 1 0.1849 0.7921 0.009801 0.3289337 
M2 NM 0.43 0.7 0.02 0 1 0.1849 0.9604 0.000196 0.381832 
M2 NV 0.43 0.66 0.12 0 1 0.1849 0.7744 0.00627264 0.3218575 
M2 OH 0.43 0.64 0.55 0 0 0.3249 0.2025 0.419904 0.315768 
M2 PA 0.43 0.84 0.16 0 1 0.1849 0.7056 0.01806336 0.3028545 
M2 SC 0.43 0.44 0.9 0 0 0.3249 0.01 0.364816 0.2332387 
M2 TX 0.43 0.48 0.62 0 0 0.3249 0.1444 0.4933658 0.3208886 
M2 VA 0.43 0.75 0.01 0 1 0.1849 0.9801 5.625e-05 0.3883521 
M2 WI 0.43 0.82 0.06 0 1 0.1849 0.8836 0.00242064 0.3569735 
ME AZ 0.1 0.13 0.32 1 1 0.81 0.4624 0.00173056 0.4247102 
ME CO 0.1 0.53 0.03 1 1 0.81 0.9409 0.00025281 0.5837176 
ME FL 0.1 0.12 0.31 1 0 0.81 0.0961 0.00138384 0.3024946 
ME GA 0.1 0.1 0.42 1 1 0.81 0.3364 0.001764 0.3827213 
ME IA 0.1 0.13 0.6 1 0 0.81 0.36 0.006084 0.392028 
ME M2 0.1 0.23 0.43 1 0 0.81 0.1849 0.00978121 0.3348937 
ME MI 0.1 0.49 0.05 1 1 0.81 0.9025 0.00060025 0.5710334 
ME MN 0.1 0.54 0.04 1 1 0.81 0.9216 0.00046656 0.5773555 
ME MO 0.1 0.1 0.94 1 0 0.81 0.8836 0.008836 0.5674787 
ME MS 0.1 0.08 0.92 1 0 0.81 0.8464 0.00541696 0.553939 
ME N2 0.1 0.17 0.28 1 0 0.81 0.0784 0.00226576 0.2968886 
ME NC 0.1 0.18 0.36 1 0 0.81 0.1296 0.00419904 0.3145997 
ME NH 0.1 0.62 0.11 1 1 0.81 0.7921 0.00465124 0.5355837 
ME NM 0.1 0.43 0.02 1 1 0.81 0.9604 7.396e-05 0.590158 
ME NV 0.1 0.23 0.12 1 1 0.81 0.7744 0.00076176 0.5283873 
ME OH 0.1 0.17 0.55 1 0 0.81 0.3025 0.00874225 0.3737474 
ME PA 0.1 0.37 0.16 1 1 0.81 0.7056 0.00350464 0.5063682 
ME SC 0.1 0.09 0.9 1 0 0.81 0.81 0.006561 0.542187 
ME TX 0.1 0.1 0.62 1 0 0.81 0.3844 0.003844 0.3994147 
ME VA 0.1 0.6 0.01 1 1 0.81 0.9801 3.6e-05 0.596712 
ME WI 0.1 0.41 0.06 1 1 0.81 0.8836 0.00060516 0.5647351 
MI AZ 0.05 0.14 0.32 1 1 0.9025 0.4624 0.00200704 0.4556357 
MI CO 0.05 0.45 0.03 1 1 0.9025 0.9409 0.00018225 0.6145274 
MI FL 0.05 0.14 0.31 1 0 0.9025 0.0961 0.00188356 0.3334945 
MI GA 0.05 0.11 0.42 1 1 0.9025 0.3364 0.00213444 0.4136781 
MI IA 0.05 0.09 0.6 1 0 0.9025 0.36 0.002916 0.4218053 
MI M2 0.05 0.11 0.43 1 0 0.9025 0.1849 0.00223729 0.3632124 
MI ME 0.05 0.26 0.1 1 1 0.9025 0.81 0.000676 0.5710587 
MI MN 0.05 0.54 0.04 1 1 0.9025 0.9216 0.00046656 0.6081889 
MI MO 0.05 0.06 0.94 1 0 0.9025 0.8836 0.00318096 0.596427 
MI MS 0.05 0.05 0.92 1 0 0.9025 0.8464 0.002116 0.583672 
MI N2 0.05 0.16 0.28 1 0 0.9025 0.0784 0.00200704 0.3276357 
MI NC 0.05 0.13 0.36 1 0 0.9025 0.1296 0.00219024 0.3447634 
MI NH 0.05 0.26 0.11 1 1 0.9025 0.7921 0.00081796 0.5651393 
MI NM 0.05 0.4 0.02 1 1 0.9025 0.9604 6.4e-05 0.620988 
MI NV 0.05 0.28 0.12 1 1 0.9025 0.7744 0.00112896 0.559343 
MI OH 0.05 0.1 0.55 1 0 0.9025 0.3025 0.003025 0.402675 
MI PA 0.05 0.28 0.16 1 1 0.9025 0.7056 0.00200704 0.5367023 
MI SC 0.05 0.06 0.9 1 0 0.9025 0.81 0.002916 0.5718053 
MI TX 0.05 0.08 0.62 1 0 0.9025 0.3844 0.00246016 0.4297867 
MI VA 0.05 0.59 0.01 1 1 0.9025 0.9801 3.481e-05 0.6275449 
MI WI 0.05 0.53 0.06 1 1 0.9025 0.8836 0.00101124 0.5957037 
MN AZ 0.04 0.09 0.32 1 1 0.9216 0.4624 0.00082944 0.4616098 
MN CO 0.04 0.4 0.03 1 1 0.9216 0.9409 0.000144 0.6208813 
MN FL 0.04 0.1 0.31 1 0 0.9216 0.0961 0.000961 0.3395537 
MN GA 0.04 0.08 0.42 1 1 0.9216 0.3364 0.00112896 0.4197097 
MN IA 0.04 0.07 0.6 1 0 0.9216 0.36 0.001764 0.427788 
MN M2 0.04 0.08 0.43 1 0 0.9216 0.1849 0.00118336 0.3692278 
MN ME 0.04 0.23 0.1 1 1 0.9216 0.81 0.000529 0.5773763 
MN MI 0.04 0.43 0.05 1 1 0.9216 0.9025 0.00046225 0.6081874 
MN MO 0.04 0.04 0.94 1 0 0.9216 0.8836 0.00141376 0.6022046 
MN MS 0.04 0.04 0.92 1 0 0.9216 0.8464 0.00135424 0.5897847 
MN N2 0.04 0.13 0.28 1 0 0.9216 0.0784 0.00132496 0.333775 
MN NC 0.04 0.1 0.36 1 0 0.9216 0.1296 0.001296 0.350832 
MN NH 0.04 0.28 0.11 1 1 0.9216 0.7921 0.00094864 0.5715495 
MN NM 0.04 0.26 0.02 1 1 0.9216 0.9604 2.704e-05 0.6273423 
MN NV 0.04 0.19 0.12 1 1 0.9216 0.7744 0.00051984 0.5655066 
MN OH 0.04 0.07 0.55 1 0 0.9216 0.3025 0.00148225 0.4085274 
MN PA 0.04 0.22 0.16 1 1 0.9216 0.7056 0.00123904 0.542813 
MN SC 0.04 0.04 0.9 1 0 0.9216 0.81 0.001296 0.577632 
MN TX 0.04 0.06 0.62 1 0 0.9216 0.3844 0.00138384 0.4357946 
MN VA 0.04 0.67 0.01 1 1 0.9216 0.9801 4.489e-05 0.633915 
MN WI 0.04 0.42 0.06 1 1 0.9216 0.8836 0.00063504 0.601945 
MO AZ 0.94 0.96 0.32 0 1 0.8836 0.4624 0.09437184 0.4801239 
MO CO 0.94 0.93 0.03 0 1 0.8836 0.9409 0.00077841 0.6084261 
MO FL 0.94 0.98 0.31 0 0 0.0036 0.4761 0.4846944 0.3214648 
MO GA 0.94 0.99 0.42 0 1 0.8836 0.3364 0.1728896 0.4642965 
MO IA 0.94 0.99 0.6 0 0 0.0036 0.16 0.164836 0.1094787 
MO M2 0.94 0.99 0.43 0 0 0.0036 0.3249 0.3298205 0.2194402 
MO ME 0.94 0.98 0.1 0 1 0.8836 0.81 0.009604 0.5677347 
MO MI 0.94 0.99 0.05 0 1 0.8836 0.9025 0.00245025 0.5961834 
MO MN 0.94 1 0.04 0 1 0.8836 0.9216 0.0016 0.6022667 
MO MS 0.94 0.96 0.92 0 0 0.0036 0.0064 0.01364224 0.007880747 
MO N2 0.94 0.99 0.28 0 0 0.0036 0.5184 0.5224398 0.3481466 
MO NC 0.94 1 0.36 0 0 0.0036 0.4096 0.4096 0.2742667 
MO NH 0.94 0.99 0.11 0 1 0.8836 0.7921 0.01185921 0.5625197 
MO NM 0.94 0.95 0.02 0 1 0.8836 0.9604 0.000361 0.614787 
MO NV 0.94 0.99 0.12 0 1 0.8836 0.7744 0.01411344 0.5573711 
MO OH 0.94 0.99 0.55 0 0 0.0036 0.2025 0.2074803 0.1378601 
MO PA 0.94 1 0.16 0 1 0.8836 0.7056 0.0256 0.5382667 
MO SC 0.94 0.97 0.9 0 0 0.0036 0.01 0.016129 0.009909667 
MO TX 0.94 0.98 0.62 0 0 0.0036 0.1444 0.1539778 0.1006593 
MO VA 0.94 0.99 0.01 0 1 0.8836 0.9801 9.801e-05 0.621266 
MO WI 0.94 1 0.06 0 1 0.8836 0.8836 0.0036 0.5902667 
MS AZ 0.92 0.94 0.32 0 1 0.8464 0.4624 0.09048064 0.4664269 
MS CO 0.92 0.65 0.03 0 1 0.8464 0.9409 0.00038025 0.5958934 
MS FL 0.92 0.98 0.31 0 0 0.0064 0.4761 0.4846944 0.3223981 
MS GA 0.92 0.99 0.42 0 1 0.8464 0.3364 0.1728896 0.4518965 
MS IA 0.92 0.95 0.6 0 0 0.0064 0.16 0.1849 0.1171 
MS M2 0.92 0.91 0.43 0 0 0.0064 0.3249 0.3705157 0.2339386 
MS ME 0.92 0.78 0.1 0 1 0.8464 0.81 0.006084 0.5541613 
MS MI 0.92 0.93 0.05 0 1 0.8464 0.9025 0.00216225 0.5836874 
MS MN 0.92 0.9 0.04 0 1 0.8464 0.9216 0.001296 0.5897653 
MS MO 0.92 0.94 0.94 0 0 0.0064 0.0036 0.01354896 0.007849653 
MS N2 0.92 0.93 0.28 0 0 0.0064 0.5184 0.5470082 0.3572694 
MS NC 0.92 0.98 0.36 0 0 0.0064 0.4096 0.4188678 0.2782893 
MS NH 0.92 0.8 0.11 0 1 0.8464 0.7921 0.007744 0.548748 
MS NM 0.92 0.86 0.02 0 1 0.8464 0.9604 0.00029584 0.6023653 
MS NV 0.92 0.95 0.12 0 1 0.8464 0.7744 0.012996 0.5445987 
MS OH 0.92 0.94 0.55 0 0 0.0064 0.2025 0.233289 0.1473963 
MS PA 0.92 0.93 0.16 0 1 0.8464 0.7056 0.02214144 0.5247138 
MS SC 0.92 0.97 0.9 0 0 0.0064 0.01 0.016129 0.010843 
MS TX 0.92 0.97 0.62 0 0 0.0064 0.1444 0.158882 0.1032273 
MS VA 0.92 0.83 0.01 0 1 0.8464 0.9801 6.889e-05 0.6088563 
MS WI 0.92 0.95 0.06 0 1 0.8464 0.8836 0.003249 0.5777497 
N2 AZ 0.28 0.5 0.32 0 1 0.0784 0.4624 0.0256 0.1888 
N2 CO 0.28 0.72 0.03 0 1 0.0784 0.9409 0.00046656 0.3399222 
N2 FL 0.28 0.54 0.31 0 0 0.5184 0.4761 0.6932228 0.5625743 
N2 GA 0.28 0.48 0.42 0 1 0.0784 0.3364 0.04064256 0.1518142 
N2 IA 0.28 0.42 0.6 0 0 0.5184 0.16 0.559504 0.4126347 
N2 M2 0.28 0.38 0.43 0 0 0.5184 0.3249 0.6998996 0.5143999 
N2 ME 0.28 0.48 0.1 0 1 0.0784 0.81 0.002304 0.2969013 
N2 MI 0.28 0.83 0.05 0 1 0.0784 0.9025 0.00172225 0.3275407 
N2 MN 0.28 0.9 0.04 0 1 0.0784 0.9216 0.001296 0.3337653 
N2 MO 0.28 0.3 0.94 0 0 0.5184 0.0036 0.515524 0.3458413 
N2 MS 0.28 0.29 0.92 0 0 0.5184 0.0064 0.5375822 0.3541274 
N2 NC 0.28 0.5 0.36 0 0 0.5184 0.4096 0.6724 0.5334667 
N2 NH 0.28 0.65 0.11 0 1 0.0784 0.7921 0.00511225 0.2918708 
N2 NM 0.28 0.51 0.02 0 1 0.0784 0.9604 0.00010404 0.3463013 
N2 NV 0.28 0.63 0.12 0 1 0.0784 0.7744 0.00571536 0.2861718 
N2 OH 0.28 0.45 0.55 0 0 0.5184 0.2025 0.5662562 0.4290521 
N2 PA 0.28 0.73 0.16 0 1 0.0784 0.7056 0.01364224 0.2658807 
N2 SC 0.28 0.3 0.9 0 0 0.5184 0.01 0.5329 0.3537667 
N2 TX 0.28 0.4 0.62 0 0 0.5184 0.1444 0.565504 0.4094347 
N2 VA 0.28 0.89 0.01 0 1 0.0784 0.9801 7.921e-05 0.3528597 
N2 WI 0.28 0.87 0.06 0 1 0.0784 0.8836 0.00272484 0.3215749 
NC AZ 0.36 0.55 0.32 0 1 0.1296 0.4624 0.030976 0.2076587 
NC CO 0.36 0.64 0.03 0 1 0.1296 0.9409 0.00036864 0.3569562 
NC FL 0.36 0.69 0.31 0 0 0.4096 0.4761 0.6179532 0.5012177 
NC GA 0.36 0.67 0.42 0 1 0.1296 0.3364 0.07918596 0.1817287 
NC IA 0.36 0.5 0.6 0 0 0.4096 0.16 0.49 0.3532 
NC M2 0.36 0.54 0.43 0 0 0.4096 0.3249 0.5895168 0.4413389 
NC ME 0.36 0.64 0.1 0 1 0.1296 0.81 0.004096 0.3145653 
NC MI 0.36 0.87 0.05 0 1 0.1296 0.9025 0.00189225 0.3446641 
NC MN 0.36 0.86 0.04 0 1 0.1296 0.9216 0.00118336 0.3507945 
NC MO 0.36 0.38 0.94 0 0 0.4096 0.0036 0.4131918 0.2754639 
NC MS 0.36 0.39 0.92 0 0 0.4096 0.0064 0.4111374 0.2757125 
NC N2 0.36 0.64 0.28 0 0 0.4096 0.5184 0.6737126 0.5339042 
NC NH 0.36 0.69 0.11 0 1 0.1296 0.7921 0.00576081 0.3091536 
NC NM 0.36 0.71 0.02 0 1 0.1296 0.9604 0.00020164 0.3634005 
NC NV 0.36 0.73 0.12 0 1 0.1296 0.7744 0.00767376 0.3038913 
NC OH 0.36 0.56 0.55 0 0 0.4096 0.2025 0.478864 0.3636547 
NC PA 0.36 0.83 0.16 0 1 0.1296 0.7056 0.01763584 0.2842786 
NC SC 0.36 0.4 0.9 0 0 0.4096 0.01 0.4096 0.2764 
NC TX 0.36 0.52 0.62 0 0 0.4096 0.1444 0.4591418 0.3377139 
NC VA 0.36 0.93 0.01 0 1 0.1296 0.9801 8.649e-05 0.3699288 
NC WI 0.36 0.82 0.06 0 1 0.1296 0.8836 0.00242064 0.3385402 
NH AZ 0.11 0.15 0.32 1 1 0.7921 0.4624 0.002304 0.4189347 
NH CO 0.11 0.63 0.03 1 1 0.7921 0.9409 0.00035721 0.5777857 
NH FL 0.11 0.17 0.31 1 0 0.7921 0.0961 0.00277729 0.2969924 
NH GA 0.11 0.14 0.42 1 1 0.7921 0.3364 0.00345744 0.3773191 
NH IA 0.11 0.15 0.6 1 0 0.7921 0.36 0.0081 0.3867333 
NH M2 0.11 0.23 0.43 1 0 0.7921 0.1849 0.00978121 0.3289271 
NH ME 0.11 0.69 0.1 1 1 0.7921 0.81 0.004761 0.5356203 
NH MI 0.11 0.53 0.05 1 1 0.7921 0.9025 0.00070225 0.5651007 
NH MN 0.11 0.72 0.04 1 1 0.7921 0.9216 0.00082944 0.5715098 
NH MO 0.11 0.11 0.94 1 0 0.7921 0.8836 0.01069156 0.5621305 
NH MS 0.11 0.1 0.92 1 0 0.7921 0.8464 0.008464 0.548988 
NH N2 0.11 0.25 0.28 1 0 0.7921 0.0784 0.0049 0.2918 
NH NC 0.11 0.21 0.36 1 0 0.7921 0.1296 0.00571536 0.3091385 
NH NM 0.11 0.37 0.02 1 1 0.7921 0.9604 5.476e-05 0.5841849 
NH NV 0.11 0.27 0.12 1 1 0.7921 0.7744 0.00104976 0.5225166 
NH OH 0.11 0.18 0.55 1 0 0.7921 0.3025 0.009801 0.3681337 
NH PA 0.11 0.46 0.16 1 1 0.7921 0.7056 0.00541696 0.501039 
NH SC 0.11 0.11 0.9 1 0 0.7921 0.81 0.009801 0.5373003 
NH TX 0.11 0.13 0.62 1 0 0.7921 0.3844 0.00649636 0.3943321 
NH VA 0.11 0.86 0.01 1 1 0.7921 0.9801 7.396e-05 0.590758 
NH WI 0.11 0.51 0.06 1 1 0.7921 0.8836 0.00093636 0.5588788 
NM AZ 0.02 0.06 0.32 1 1 0.9604 0.4624 0.00036864 0.4743895 
NM CO 0.02 0.23 0.03 1 1 0.9604 0.9409 4.761e-05 0.6337825 
NM FL 0.02 0.06 0.31 1 0 0.9604 0.0961 0.00034596 0.352282 
NM GA 0.02 0.04 0.42 1 1 0.9604 0.3364 0.00028224 0.4323607 
NM IA 0.02 0.03 0.6 1 0 0.9604 0.36 0.000324 0.4402413 
NM M2 0.02 0.04 0.43 1 0 0.9604 0.1849 0.00029584 0.3818653 
NM ME 0.02 0.1 0.1 1 1 0.9604 0.81 1e-04 0.5901667 
NM MI 0.02 0.17 0.05 1 1 0.9604 0.9025 7.225e-05 0.6209907 
NM MN 0.02 0.14 0.04 1 1 0.9604 0.9216 3.136e-05 0.6273438 
NM MO 0.02 0.02 0.94 1 0 0.9604 0.8836 0.00035344 0.6147845 
NM MS 0.02 0.02 0.92 1 0 0.9604 0.8464 0.00033856 0.6023795 
NM N2 0.02 0.04 0.28 1 0 0.9604 0.0784 0.00012544 0.3463085 
NM NC 0.02 0.04 0.36 1 0 0.9604 0.1296 0.00020736 0.3634025 
NM NH 0.02 0.08 0.11 1 1 0.9604 0.7921 7.744e-05 0.5841925 
NM NV 0.02 0.14 0.12 1 1 0.9604 0.7744 0.00028224 0.5783607 
NM OH 0.02 0.03 0.55 1 0 0.9604 0.3025 0.00027225 0.4210574 
NM PA 0.02 0.08 0.16 1 1 0.9604 0.7056 0.00016384 0.5553879 
NM SC 0.02 0.02 0.9 1 0 0.9604 0.81 0.000324 0.5902413 
NM TX 0.02 0.03 0.62 1 0 0.9604 0.3844 0.00034596 0.448382 
NM VA 0.02 0.26 0.01 1 1 0.9604 0.9801 6.76e-06 0.6468356 
NM WI 0.02 0.14 0.06 1 1 0.9604 0.8836 7.056e-05 0.6146902 
NV AZ 0.12 0.33 0.32 1 1 0.7744 0.4624 0.01115136 0.4159838 
NV CO 0.12 0.53 0.03 1 1 0.7744 0.9409 0.00025281 0.5718509 
NV FL 0.12 0.32 0.31 1 0 0.7744 0.0961 0.00984064 0.2934469 
NV GA 0.12 0.23 0.42 1 1 0.7744 0.3364 0.00933156 0.3733772 
NV IA 0.12 0.18 0.6 1 0 0.7744 0.36 0.011664 0.3820213 
NV M2 0.12 0.19 0.43 1 0 0.7744 0.1849 0.00667489 0.3219916 
NV ME 0.12 0.28 0.1 1 1 0.7744 0.81 0.000784 0.5283947 
NV MI 0.12 0.64 0.05 1 1 0.7744 0.9025 0.001024 0.559308 
NV MN 0.12 0.56 0.04 1 1 0.7744 0.9216 0.00050176 0.5655006 
NV MO 0.12 0.13 0.94 1 0 0.7744 0.8836 0.01493284 0.5576443 
NV MS 0.12 0.13 0.92 1 0 0.7744 0.8464 0.01430416 0.5450347 
NV N2 0.12 0.27 0.28 1 0 0.7744 0.0784 0.00571536 0.2861718 
NV NC 0.12 0.25 0.36 1 0 0.7744 0.1296 0.0081 0.3040333 
NV NH 0.12 0.3 0.11 1 1 0.7744 0.7921 0.001089 0.5225297 
NV NM 0.12 0.75 0.02 1 1 0.7744 0.9604 0.000225 0.5783417 
NV OH 0.12 0.19 0.55 1 0 0.7744 0.3025 0.01092025 0.3626068 
NV PA 0.12 0.41 0.16 1 1 0.7744 0.7056 0.00430336 0.4947678 
NV SC 0.12 0.13 0.9 1 0 0.7744 0.81 0.013689 0.5326963 
NV TX 0.12 0.19 0.62 1 0 0.7744 0.3844 0.01387684 0.3908923 
NV VA 0.12 0.52 0.01 1 1 0.7744 0.9801 2.704e-05 0.5848423 
NV WI 0.12 0.63 0.06 1 1 0.7744 0.8836 0.00142884 0.5531429 
OH AZ 0.55 0.77 0.32 0 1 0.3025 0.4624 0.06071296 0.2752043 
OH CO 0.55 0.89 0.03 0 1 0.3025 0.9409 0.00071289 0.4147043 
OH FL 0.55 0.81 0.31 0 0 0.2025 0.4761 0.5608512 0.4131504 
OH GA 0.55 0.77 0.42 0 1 0.3025 0.3364 0.1045876 0.2478292 
OH IA 0.55 0.77 0.6 0 0 0.2025 0.16 0.289444 0.2173147 
OH M2 0.55 0.81 0.43 0 0 0.2025 0.3249 0.4247129 0.317371 
OH ME 0.55 0.92 0.1 0 1 0.3025 0.81 0.008464 0.3736547 
OH MI 0.55 0.99 0.05 0 1 0.3025 0.9025 0.00245025 0.4024834 
OH MN 0.55 0.97 0.04 0 1 0.3025 0.9216 0.00150544 0.4085351 
OH MO 0.55 0.58 0.94 0 0 0.2025 0.0036 0.206843 0.1376477 
OH MS 0.55 0.56 0.92 0 0 0.2025 0.0064 0.235031 0.147977 
OH N2 0.55 0.86 0.28 0 0 0.2025 0.5184 0.5763846 0.4324282 
OH NC 0.55 0.85 0.36 0 0 0.2025 0.4096 0.481636 0.3645787 
OH NH 0.55 0.91 0.11 0 1 0.3025 0.7921 0.01002001 0.3682067 
OH NM 0.55 0.79 0.02 0 1 0.3025 0.9604 0.00024964 0.4210499 
OH NV 0.55 0.87 0.12 0 1 0.3025 0.7744 0.01089936 0.3625998 
OH PA 0.55 0.97 0.16 0 1 0.3025 0.7056 0.02408704 0.3440623 
OH SC 0.55 0.58 0.9 0 0 0.2025 0.01 0.228484 0.1469947 
OH TX 0.55 0.7 0.62 0 0 0.2025 0.1444 0.320356 0.2224187 
OH VA 0.55 0.94 0.01 0 1 0.3025 0.9801 8.836e-05 0.4275628 
OH WI 0.55 0.96 0.06 0 1 0.3025 0.8836 0.00331776 0.3964726 
PA AZ 0.16 0.31 0.32 1 1 0.7056 0.4624 0.00984064 0.3926135 
PA CO 0.16 0.65 0.03 1 1 0.7056 0.9409 0.00038025 0.5489601 
PA FL 0.16 0.36 0.31 1 0 0.7056 0.0961 0.01245456 0.2713849 
PA GA 0.16 0.28 0.42 1 1 0.7056 0.3364 0.01382976 0.3519433 
PA IA 0.16 0.24 0.6 1 0 0.7056 0.36 0.020736 0.362112 
PA M2 0.16 0.31 0.43 1 0 0.7056 0.1849 0.01776889 0.3027563 
PA ME 0.16 0.59 0.1 1 1 0.7056 0.81 0.003481 0.5063603 
PA MI 0.16 0.83 0.05 1 1 0.7056 0.9025 0.00172225 0.5366074 
PA MN 0.16 0.83 0.04 1 1 0.7056 0.9216 0.00110224 0.5427674 
PA MO 0.16 0.17 0.94 1 0 0.7056 0.8836 0.02553604 0.5382453 
PA MS 0.16 0.16 0.92 1 0 0.7056 0.8464 0.02166784 0.5245559 
PA N2 0.16 0.41 0.28 1 0 0.7056 0.0784 0.01317904 0.2657263 
PA NC 0.16 0.36 0.36 1 0 0.7056 0.1296 0.01679616 0.2839987 
PA NH 0.16 0.66 0.11 1 1 0.7056 0.7921 0.00527076 0.5009903 
PA NM 0.16 0.54 0.02 1 1 0.7056 0.9604 0.00011664 0.5553722 
PA NV 0.16 0.53 0.12 1 1 0.7056 0.7744 0.00404496 0.4946817 
PA OH 0.16 0.28 0.55 1 0 0.7056 0.3025 0.023716 0.3439387 
PA SC 0.16 0.17 0.9 1 0 0.7056 0.81 0.023409 0.513003 
PA TX 0.16 0.23 0.62 1 0 0.7056 0.3844 0.02033476 0.3701116 
PA VA 0.16 0.87 0.01 1 1 0.7056 0.9801 7.569e-05 0.5619252 
PA WI 0.16 0.78 0.06 1 1 0.7056 0.8836 0.00219024 0.5304634 
SC AZ 0.9 0.96 0.32 0 1 0.81 0.4624 0.09437184 0.4555906 
SC CO 0.9 0.81 0.03 0 1 0.81 0.9409 0.00059049 0.5838302 
SC FL 0.9 0.99 0.31 0 0 0.01 0.4761 0.4803876 0.3221625 
SC GA 0.9 1 0.42 0 1 0.81 0.3364 0.1764 0.4409333 
SC IA 0.9 0.97 0.6 0 0 0.01 0.16 0.174724 0.114908 
SC M2 0.9 0.93 0.43 0 0 0.01 0.3249 0.36012 0.2316733 
SC ME 0.9 0.86 0.1 0 1 0.81 0.81 0.007396 0.5424653 
SC MI 0.9 0.97 0.05 0 1 0.81 0.9025 0.00235225 0.5716174 
SC MN 0.9 0.95 0.04 0 1 0.81 0.9216 0.001444 0.5776813 
SC MO 0.9 0.94 0.94 0 0 0.01 0.0036 0.01354896 0.009049653 
SC MS 0.9 0.95 0.92 0 0 0.01 0.0064 0.015876 0.01075867 
SC N2 0.9 0.96 0.28 0 0 0.01 0.5184 0.5346534 0.3543511 
SC NC 0.9 0.99 0.36 0 0 0.01 0.4096 0.414221 0.2779403 
SC NH 0.9 0.88 0.11 0 1 0.81 0.7921 0.00937024 0.5371567 
SC NM 0.9 0.91 0.02 0 1 0.81 0.9604 0.00033124 0.5902437 
SC NV 0.9 0.97 0.12 0 1 0.81 0.7744 0.01354896 0.5326497 
SC OH 0.9 0.96 0.55 0 0 0.01 0.2025 0.222784 0.1450947 
SC PA 0.9 0.97 0.16 0 1 0.81 0.7056 0.02408704 0.513229 
SC TX 0.9 0.98 0.62 0 0 0.01 0.1444 0.1539778 0.1027926 
SC VA 0.9 0.94 0.01 0 1 0.81 0.9801 8.836e-05 0.5967295 
SC WI 0.9 0.98 0.06 0 1 0.81 0.8836 0.00345744 0.5656858 
TX AZ 0.62 0.89 0.32 0 1 0.3844 0.4624 0.08111104 0.3093037 
TX CO 0.62 0.78 0.03 0 1 0.3844 0.9409 0.00054756 0.4419492 
TX FL 0.62 0.94 0.31 0 0 0.1444 0.4761 0.502114 0.3742047 
TX GA 0.62 0.89 0.42 0 1 0.3844 0.3364 0.1397264 0.2868421 
TX IA 0.62 0.78 0.6 0 0 0.1444 0.16 0.283024 0.195808 
TX M2 0.62 0.7 0.43 0 0 0.1444 0.3249 0.488601 0.3193003 
TX ME 0.62 0.65 0.1 0 1 0.3844 0.81 0.004225 0.3995417 
TX MI 0.62 0.92 0.05 0 1 0.3844 0.9025 0.002116 0.429672 
TX MN 0.62 0.9 0.04 0 1 0.3844 0.9216 0.001296 0.4357653 
TX MO 0.62 0.65 0.94 0 0 0.1444 0.0036 0.151321 0.09977367 
TX MS 0.62 0.65 0.92 0 0 0.1444 0.0064 0.161604 0.1041347 
TX N2 0.62 0.87 0.28 0 0 0.1444 0.5184 0.572141 0.411647 
TX NC 0.62 0.9 0.36 0 0 0.1444 0.4096 0.456976 0.336992 
TX NH 0.62 0.74 0.11 0 1 0.3844 0.7921 0.00662596 0.3943753 
TX NM 0.62 0.93 0.02 0 1 0.3844 0.9604 0.00034596 0.448382 
TX NV 0.62 0.96 0.12 0 1 0.3844 0.7744 0.01327104 0.3906903 
TX OH 0.62 0.79 0.55 0 0 0.1444 0.2025 0.3197902 0.2222301 
TX PA 0.62 0.89 0.16 0 1 0.3844 0.7056 0.02027776 0.3700926 
TX SC 0.62 0.67 0.9 0 0 0.1444 0.01 0.157609 0.104003 
TX VA 0.62 0.91 0.01 0 1 0.3844 0.9801 8.281e-05 0.4548609 
TX WI 0.62 0.92 0.06 0 1 0.3844 0.8836 0.00304704 0.4236823 
VA AZ 0.01 0.02 0.32 1 1 0.9801 0.4624 4.096e-05 0.480847 
VA CO 0.01 0.16 0.03 1 1 0.9801 0.9409 2.304e-05 0.640341 
VA FL 0.01 0.02 0.31 1 0 0.9801 0.0961 3.844e-05 0.3587461 
VA GA 0.01 0.02 0.42 1 1 0.9801 0.3364 7.056e-05 0.4388569 
VA IA 0.01 0.01 0.6 1 0 0.9801 0.36 3.6e-05 0.446712 
VA M2 0.01 0.02 0.43 1 0 0.9801 0.1849 7.396e-05 0.388358 
VA ME 0.01 0.06 0.1 1 1 0.9801 0.81 3.6e-05 0.596712 
VA MI 0.01 0.11 0.05 1 1 0.9801 0.9025 3.025e-05 0.6275434 
VA MN 0.01 0.16 0.04 1 1 0.9801 0.9216 4.096e-05 0.6339137 
VA MO 0.01 0.01 0.94 1 0 0.9801 0.8836 8.836e-05 0.6212628 
VA MS 0.01 0.01 0.92 1 0 0.9801 0.8464 8.464e-05 0.6088615 
VA N2 0.01 0.03 0.28 1 0 0.9801 0.0784 7.056e-05 0.3528569 
VA NC 0.01 0.03 0.36 1 0 0.9801 0.1296 0.00011664 0.3699389 
VA NH 0.01 0.08 0.11 1 1 0.9801 0.7921 7.744e-05 0.5907591 
VA NM 0.01 0.11 0.02 1 1 0.9801 0.9604 4.84e-06 0.6468349 
VA NV 0.01 0.04 0.12 1 1 0.9801 0.7744 2.304e-05 0.584841 
VA OH 0.01 0.02 0.55 1 0 0.9801 0.3025 0.000121 0.4275737 
VA PA 0.01 0.05 0.16 1 1 0.9801 0.7056 6.4e-05 0.5619213 
VA SC 0.01 0.01 0.9 1 0 0.9801 0.81 8.1e-05 0.596727 
VA TX 0.01 0.01 0.62 1 0 0.9801 0.3844 3.844e-05 0.4548461 
VA WI 0.01 0.08 0.06 1 1 0.9801 0.8836 2.304e-05 0.621241 
WI AZ 0.06 0.15 0.32 1 1 0.8836 0.4624 0.002304 0.4494347 
WI CO 0.06 0.35 0.03 1 1 0.8836 0.9409 0.00011025 0.6082034 
WI FL 0.06 0.16 0.31 1 0 0.8836 0.0961 0.00246016 0.3273867 
WI GA 0.06 0.11 0.42 1 1 0.8836 0.3364 0.00213444 0.4073781 
WI IA 0.06 0.09 0.6 1 0 0.8836 0.36 0.002916 0.4155053 
WI M2 0.06 0.11 0.43 1 0 0.8836 0.1849 0.00223729 0.3569124 
WI ME 0.06 0.24 0.1 1 1 0.8836 0.81 0.000576 0.5647253 
WI MI 0.06 0.56 0.05 1 1 0.8836 0.9025 0.000784 0.595628 
WI MN 0.06 0.57 0.04 1 1 0.8836 0.9216 0.00051984 0.6019066 
WI MO 0.06 0.06 0.94 1 0 0.8836 0.8836 0.00318096 0.590127 
WI MS 0.06 0.06 0.92 1 0 0.8836 0.8464 0.00304704 0.5776823 
WI N2 0.06 0.17 0.28 1 0 0.8836 0.0784 0.00226576 0.3214219 
WI NC 0.06 0.13 0.36 1 0 0.8836 0.1296 0.00219024 0.3384634 
WI NH 0.06 0.26 0.11 1 1 0.8836 0.7921 0.00081796 0.5588393 
WI NM 0.06 0.34 0.02 1 1 0.8836 0.9604 4.624e-05 0.6146821 
WI NV 0.06 0.29 0.12 1 1 0.8836 0.7744 0.00121104 0.5530703 
WI OH 0.06 0.1 0.55 1 0 0.8836 0.3025 0.003025 0.396375 
WI PA 0.06 0.28 0.16 1 1 0.8836 0.7056 0.00200704 0.5304023 
WI SC 0.06 0.06 0.9 1 0 0.8836 0.81 0.002916 0.5655053 
WI TX 0.06 0.08 0.62 1 0 0.8836 0.3844 0.00246016 0.4234867 
WI VA 0.06 0.47 0.01 1 1 0.8836 0.9801 2.209e-05 0.6212407 
The average brier score with the third way of testing it is(TT) 0.4162425