State1: State2: Win Prob(State1): Conditional Prob(State1): Win Prob(State2): Outcome1: Outcome2: Brier Score(State1): Brier Score(State2): Brier Score(Conditional): Brier Score(Average)
AZ CO  0.32 0.31 0.97 1 19e-04 9e-04 0.0961 0.03263333 
AZ FL  0.32 0.16 0.69 1 00.0961 0.4761 0.0256 0.1992667 
AZ GA  0.32 0.18 0.58 1 10.1764 0.1764 0.0324 0.1284 
AZ IA  0.32 0.12 0.4 1 00.36 0.16 0.0144 0.1781333 
AZ M2  0.32 0.26 0.57 1 00.1849 0.3249 0.0676 0.1924667 
AZ ME  0.32 0.31 0.9 1 10.01 0.01 0.0961 0.0387 
AZ MI  0.32 0.29 0.95 1 10.0025 0.0025 0.0841 0.0297 
AZ MN  0.32 0.3 0.96 1 10.0016 0.0016 0.09 0.03106667 
AZ MO  0.32 0.18 0.06 1 00.8836 0.0036 0.0324 0.3065333 
AZ MS  0.32 0.23 0.08 1 00.8464 0.0064 0.0529 0.3019 
AZ N2  0.32 0.23 0.72 1 00.0784 0.5184 0.0529 0.2165667 
AZ NC  0.32 0.23 0.64 1 00.1296 0.4096 0.0529 0.1973667 
AZ NH  0.32 0.3 0.89 1 10.0121 0.0121 0.09 0.03806667 
AZ NM  0.32 0.31 0.98 1 14e-04 4e-04 0.0961 0.0323 
AZ NV  0.32 0.24 0.88 1 10.0144 0.0144 0.0576 0.0288 
AZ OH  0.32 0.16 0.45 1 00.3025 0.2025 0.0256 0.1768667 
AZ PA  0.32 0.26 0.84 1 10.0256 0.0256 0.0676 0.0396 
AZ SC  0.32 0.13 0.1 1 00.81 0.01 0.0169 0.2789667 
AZ TX  0.32 0.09 0.38 1 00.3844 0.1444 0.0081 0.1789667 
AZ VA  0.32 0.32 0.99 1 11e-04 1e-04 0.1024 0.0342 
AZ WI  0.32 0.29 0.94 1 10.0036 0.0036 0.0841 0.03043333 
CO AZ  0.03 0.01 0.68 1 10.1024 0.1024 1e-04 0.0683 
CO FL  0.03 0.02 0.69 1 00.0961 0.4761 4e-04 0.1908667 
CO GA  0.03 0.02 0.58 1 10.1764 0.1764 4e-04 0.1177333 
CO IA  0.03 0.01 0.4 1 00.36 0.16 1e-04 0.1733667 
CO M2  0.03 0.01 0.57 1 00.1849 0.3249 1e-04 0.1699667 
CO ME  0.03 0.02 0.9 1 10.01 0.01 4e-04 0.0068 
CO MI  0.03 0.02 0.95 1 10.0025 0.0025 4e-04 0.0018 
CO MN  0.03 0.02 0.96 1 10.0016 0.0016 4e-04 0.0012 
CO MO  0.03 0.04 0.06 1 00.8836 0.0036 0.0016 0.2962667 
CO MS  0.03 0.13 0.08 1 00.8464 0.0064 0.0169 0.2899 
CO N2  0.03 0.01 0.72 1 00.0784 0.5184 1e-04 0.1989667 
CO NC  0.03 0.02 0.64 1 00.1296 0.4096 4e-04 0.1798667 
CO NH  0.03 0.01 0.89 1 10.0121 0.0121 1e-04 0.0081 
CO NM  0.03 0.02 0.98 1 14e-04 4e-04 4e-04 4e-04 
CO NV  0.03 0.02 0.88 1 10.0144 0.0144 4e-04 0.009733333 
CO OH  0.03 0.01 0.45 1 00.3025 0.2025 1e-04 0.1683667 
CO PA  0.03 0.01 0.84 1 10.0256 0.0256 1e-04 0.0171 
CO SC  0.03 0.06 0.1 1 00.81 0.01 0.0036 0.2745333 
CO TX  0.03 0.02 0.38 1 00.3844 0.1444 4e-04 0.1764 
CO VA  0.03 0.03 0.99 1 11e-04 1e-04 9e-04 0.0003666667 
CO WI  0.03 0.02 0.94 1 10.0036 0.0036 4e-04 0.002533333 
FL AZ  0.31 0.14 0.68 0 10.4761 0.1024 0.7396 0.4393667 
FL CO  0.31 0.3 0.97 0 10.4761 9e-04 0.49 0.3223333 
FL GA  0.31 0.1 0.58 0 10.4761 0.1764 0.81 0.4875 
FL IA  0.31 0.1 0.4 0 00.16 0.16 0.01 0.11 
FL M2  0.31 0.25 0.57 0 00.3249 0.3249 0.0625 0.2374333 
FL ME  0.31 0.3 0.9 0 10.4761 0.01 0.49 0.3253667 
FL MI  0.31 0.28 0.95 0 10.4761 0.0025 0.5184 0.3323333 
FL MN  0.31 0.29 0.96 0 10.4761 0.0016 0.5041 0.3272667 
FL MO  0.31 0.08 0.06 0 00.0036 0.0036 0.0064 0.004533333 
FL MS  0.31 0.08 0.08 0 00.0064 0.0064 0.0064 0.0064 
FL N2  0.31 0.2 0.72 0 00.5184 0.5184 0.04 0.3589333 
FL NC  0.31 0.15 0.64 0 00.4096 0.4096 0.0225 0.2805667 
FL NH  0.31 0.29 0.89 0 10.4761 0.0121 0.5041 0.3307667 
FL NM  0.31 0.3 0.98 0 10.4761 4e-04 0.49 0.3221667 
FL NV  0.31 0.24 0.88 0 10.4761 0.0144 0.5776 0.3560333 
FL OH  0.31 0.13 0.45 0 00.2025 0.2025 0.0169 0.1406333 
FL PA  0.31 0.24 0.84 0 10.4761 0.0256 0.5776 0.3597667 
FL SC  0.31 0.03 0.1 0 00.01 0.01 9e-04 0.006966667 
FL TX  0.31 0.05 0.38 0 00.1444 0.1444 0.0025 0.0971 
FL VA  0.31 0.31 0.99 0 10.4761 1e-04 0.4761 0.3174333 
FL WI  0.31 0.28 0.94 0 10.4761 0.0036 0.5184 0.3327 
GA AZ  0.42 0.3 0.68 1 10.1024 0.1024 0.09 0.09826667 
GA CO  0.42 0.41 0.97 1 19e-04 9e-04 0.1681 0.05663333 
GA FL  0.42 0.24 0.69 1 00.0961 0.4761 0.0576 0.2099333 
GA IA  0.42 0.19 0.4 1 00.36 0.16 0.0361 0.1853667 
GA M2  0.42 0.37 0.57 1 00.1849 0.3249 0.1369 0.2155667 
GA ME  0.42 0.42 0.9 1 10.01 0.01 0.1764 0.06546667 
GA MI  0.42 0.39 0.95 1 10.0025 0.0025 0.1521 0.05236667 
GA MN  0.42 0.4 0.96 1 10.0016 0.0016 0.16 0.0544 
GA MO  0.42 0.08 0.06 1 00.8836 0.0036 0.0064 0.2978667 
GA MS  0.42 0.04 0.08 1 00.8464 0.0064 0.0016 0.2848 
GA N2  0.42 0.31 0.72 1 00.0784 0.5184 0.0961 0.2309667 
GA NC  0.42 0.22 0.64 1 00.1296 0.4096 0.0484 0.1958667 
GA NH  0.42 0.4 0.89 1 10.0121 0.0121 0.16 0.0614 
GA NM  0.42 0.41 0.98 1 14e-04 4e-04 0.1681 0.0563 
GA NV  0.42 0.37 0.88 1 10.0144 0.0144 0.1369 0.05523333 
GA OH  0.42 0.22 0.45 1 00.3025 0.2025 0.0484 0.1844667 
GA PA  0.42 0.36 0.84 1 10.0256 0.0256 0.1296 0.06026667 
GA SC  0.42 0.01 0.1 1 00.81 0.01 1e-04 0.2733667 
GA TX  0.42 0.12 0.38 1 00.3844 0.1444 0.0144 0.1810667 
GA VA  0.42 0.41 0.99 1 11e-04 1e-04 0.1681 0.0561 
GA WI  0.42 0.39 0.94 1 10.0036 0.0036 0.1521 0.0531 
IA AZ  0.6 0.48 0.68 0 10.16 0.1024 0.2704 0.1776 
IA CO  0.6 0.59 0.97 0 10.16 9e-04 0.1681 0.1096667 
IA FL  0.6 0.48 0.69 0 00.4761 0.4761 0.2304 0.3942 
IA GA  0.6 0.44 0.58 0 10.16 0.1764 0.3136 0.2166667 
IA M2  0.6 0.45 0.57 0 00.3249 0.3249 0.2025 0.2841 
IA ME  0.6 0.58 0.9 0 10.16 0.01 0.1764 0.1154667 
IA MI  0.6 0.58 0.95 0 10.16 0.0025 0.1764 0.1129667 
IA MN  0.6 0.58 0.96 0 10.16 0.0016 0.1764 0.1126667 
IA MO  0.6 0.09 0.06 0 00.0036 0.0036 0.0081 0.0051 
IA MS  0.6 0.32 0.08 0 00.0064 0.0064 0.1024 0.0384 
IA N2  0.6 0.48 0.72 0 00.5184 0.5184 0.2304 0.4224 
IA NC  0.6 0.47 0.64 0 00.4096 0.4096 0.2209 0.3467 
IA NH  0.6 0.57 0.89 0 10.16 0.0121 0.1849 0.119 
IA NM  0.6 0.6 0.98 0 10.16 4e-04 0.16 0.1068 
IA NV  0.6 0.56 0.88 0 10.16 0.0144 0.1936 0.1226667 
IA OH  0.6 0.3 0.45 0 00.2025 0.2025 0.09 0.165 
IA PA  0.6 0.54 0.84 0 10.16 0.0256 0.2116 0.1324 
IA SC  0.6 0.19 0.1 0 00.01 0.01 0.0361 0.0187 
IA TX  0.6 0.35 0.38 0 00.1444 0.1444 0.1225 0.1371 
IA VA  0.6 0.6 0.99 0 10.16 1e-04 0.16 0.1067 
IA WI  0.6 0.58 0.94 0 10.16 0.0036 0.1764 0.1133333 
M2 AZ  0.43 0.38 0.68 0 10.3249 0.1024 0.3844 0.2705667 
M2 CO  0.43 0.42 0.97 0 10.3249 9e-04 0.3364 0.2207333 
M2 FL  0.43 0.38 0.69 0 00.4761 0.4761 0.1444 0.3655333 
M2 GA  0.43 0.38 0.58 0 10.3249 0.1764 0.3844 0.2952333 
M2 IA  0.43 0.21 0.4 0 00.16 0.16 0.0441 0.1213667 
M2 ME  0.43 0.37 0.9 0 10.3249 0.01 0.3969 0.2439333 
M2 MI  0.43 0.4 0.95 0 10.3249 0.0025 0.36 0.2291333 
M2 MN  0.43 0.41 0.96 0 10.3249 0.0016 0.3481 0.2248667 
M2 MO  0.43 0.09 0.06 0 00.0036 0.0036 0.0081 0.0051 
M2 MS  0.43 0.44 0.08 0 00.0064 0.0064 0.1936 0.0688 
M2 N2  0.43 0.37 0.72 0 00.5184 0.5184 0.1369 0.3912333 
M2 NC  0.43 0.31 0.64 0 00.4096 0.4096 0.0961 0.3051 
M2 NH  0.43 0.37 0.89 0 10.3249 0.0121 0.3969 0.2446333 
M2 NM  0.43 0.42 0.98 0 10.3249 4e-04 0.3364 0.2205667 
M2 NV  0.43 0.39 0.88 0 10.3249 0.0144 0.3721 0.2371333 
M2 OH  0.43 0.18 0.45 0 00.2025 0.2025 0.0324 0.1458 
M2 PA  0.43 0.35 0.84 0 10.3249 0.0256 0.4225 0.2576667 
M2 SC  0.43 0.29 0.1 0 00.01 0.01 0.0841 0.0347 
M2 TX  0.43 0.34 0.38 0 00.1444 0.1444 0.1156 0.1348 
M2 VA  0.43 0.42 0.99 0 10.3249 1e-04 0.3364 0.2204667 
M2 WI  0.43 0.4 0.94 0 10.3249 0.0036 0.36 0.2295 
ME AZ  0.1 0.09 0.68 1 10.1024 0.1024 0.0081 0.07096667 
ME CO  0.1 0.08 0.97 1 19e-04 9e-04 0.0064 0.002733333 
ME FL  0.1 0.09 0.69 1 00.0961 0.4761 0.0081 0.1934333 
ME GA  0.1 0.1 0.58 1 10.1764 0.1764 0.01 0.1209333 
ME IA  0.1 0.05 0.4 1 00.36 0.16 0.0025 0.1741667 
ME M2  0.1 0 0.57 1 00.1849 0.3249 0 0.1699333 
ME MI  0.1 0.08 0.95 1 10.0025 0.0025 0.0064 0.0038 
ME MN  0.1 0.08 0.96 1 10.0016 0.0016 0.0064 0.0032 
ME MO  0.1 0.03 0.06 1 00.8836 0.0036 9e-04 0.2960333 
ME MS  0.1 0.26 0.08 1 00.8464 0.0064 0.0676 0.3068 
ME N2  0.1 0.07 0.72 1 00.0784 0.5184 0.0049 0.2005667 
ME NC  0.1 0.06 0.64 1 00.1296 0.4096 0.0036 0.1809333 
ME NH  0.1 0.03 0.89 1 10.0121 0.0121 9e-04 0.008366667 
ME NM  0.1 0.09 0.98 1 14e-04 4e-04 0.0081 0.002966667 
ME NV  0.1 0.08 0.88 1 10.0144 0.0144 0.0064 0.01173333 
ME OH  0.1 0.02 0.45 1 00.3025 0.2025 4e-04 0.1684667 
ME PA  0.1 0.05 0.84 1 10.0256 0.0256 0.0025 0.0179 
ME SC  0.1 0.14 0.1 1 00.81 0.01 0.0196 0.2798667 
ME TX  0.1 0.09 0.38 1 00.3844 0.1444 0.0081 0.1789667 
ME VA  0.1 0.09 0.99 1 11e-04 1e-04 0.0081 0.002766667 
ME WI  0.1 0.08 0.94 1 10.0036 0.0036 0.0064 0.004533333 
MI AZ  0.05 0.01 0.68 1 10.1024 0.1024 1e-04 0.0683 
MI CO  0.05 0.04 0.97 1 19e-04 9e-04 0.0016 0.001133333 
MI FL  0.05 0.01 0.69 1 00.0961 0.4761 1e-04 0.1907667 
MI GA  0.05 0.01 0.58 1 10.1764 0.1764 1e-04 0.1176333 
MI IA  0.05 0 0.4 1 00.36 0.16 0 0.1733333 
MI M2  0.05 0.01 0.57 1 00.1849 0.3249 1e-04 0.1699667 
MI ME  0.05 0.03 0.9 1 10.01 0.01 9e-04 0.006966667 
MI MN  0.05 0.03 0.96 1 10.0016 0.0016 9e-04 0.001366667 
MI MO  0.05 0.01 0.06 1 00.8836 0.0036 1e-04 0.2957667 
MI MS  0.05 0.04 0.08 1 00.8464 0.0064 0.0016 0.2848 
MI N2  0.05 0.01 0.72 1 00.0784 0.5184 1e-04 0.1989667 
MI NC  0.05 0.01 0.64 1 00.1296 0.4096 1e-04 0.1797667 
MI NH  0.05 0.03 0.89 1 10.0121 0.0121 9e-04 0.008366667 
MI NM  0.05 0.05 0.98 1 14e-04 4e-04 0.0025 0.0011 
MI NV  0.05 0.02 0.88 1 10.0144 0.0144 4e-04 0.009733333 
MI OH  0.05 0 0.45 1 00.3025 0.2025 0 0.1683333 
MI PA  0.05 0.01 0.84 1 10.0256 0.0256 1e-04 0.0171 
MI SC  0.05 0.01 0.1 1 00.81 0.01 1e-04 0.2733667 
MI TX  0.05 0.01 0.38 1 00.3844 0.1444 1e-04 0.1763 
MI VA  0.05 0.05 0.99 1 11e-04 1e-04 0.0025 9e-04 
MI WI  0.05 0.02 0.94 1 10.0036 0.0036 4e-04 0.002533333 
MN AZ  0.04 0.02 0.68 1 10.1024 0.1024 4e-04 0.0684 
MN CO  0.04 0.03 0.97 1 19e-04 9e-04 9e-04 9e-04 
MN FL  0.04 0.02 0.69 1 00.0961 0.4761 4e-04 0.1908667 
MN GA  0.04 0.02 0.58 1 10.1764 0.1764 4e-04 0.1177333 
MN IA  0.04 0 0.4 1 00.36 0.16 0 0.1733333 
MN M2  0.04 0.01 0.57 1 00.1849 0.3249 1e-04 0.1699667 
MN ME  0.04 0.02 0.9 1 10.01 0.01 4e-04 0.0068 
MN MI  0.04 0.02 0.95 1 10.0025 0.0025 4e-04 0.0018 
MN MO  0.04 0 0.06 1 00.8836 0.0036 0 0.2957333 
MN MS  0.04 0.05 0.08 1 00.8464 0.0064 0.0025 0.2851 
MN N2  0.04 0.01 0.72 1 00.0784 0.5184 1e-04 0.1989667 
MN NC  0.04 0.01 0.64 1 00.1296 0.4096 1e-04 0.1797667 
MN NH  0.04 0.01 0.89 1 10.0121 0.0121 1e-04 0.0081 
MN NM  0.04 0.04 0.98 1 14e-04 4e-04 0.0016 8e-04 
MN NV  0.04 0.02 0.88 1 10.0144 0.0144 4e-04 0.009733333 
MN OH  0.04 0 0.45 1 00.3025 0.2025 0 0.1683333 
MN PA  0.04 0.01 0.84 1 10.0256 0.0256 1e-04 0.0171 
MN SC  0.04 0.02 0.1 1 00.81 0.01 4e-04 0.2734667 
MN TX  0.04 0.01 0.38 1 00.3844 0.1444 1e-04 0.1763 
MN VA  0.04 0.04 0.99 1 11e-04 1e-04 0.0016 6e-04 
MN WI  0.04 0.02 0.94 1 10.0036 0.0036 4e-04 0.002533333 
MO AZ  0.94 0.92 0.68 0 10.0036 0.1024 0.0064 0.03746667 
MO CO  0.94 0.94 0.97 0 10.0036 9e-04 0.0036 0.0027 
MO FL  0.94 0.92 0.69 0 00.4761 0.4761 0.8464 0.5995333 
MO GA  0.94 0.9 0.58 0 10.0036 0.1764 0.01 0.06333333 
MO IA  0.94 0.86 0.4 0 00.16 0.16 0.7396 0.3532 
MO M2  0.94 0.9 0.57 0 00.3249 0.3249 0.81 0.4866 
MO ME  0.94 0.93 0.9 0 10.0036 0.01 0.0049 0.006166667 
MO MI  0.94 0.93 0.95 0 10.0036 0.0025 0.0049 0.003666667 
MO MN  0.94 0.93 0.96 0 10.0036 0.0016 0.0049 0.003366667 
MO MS  0.94 0.66 0.08 0 00.0064 0.0064 0.4356 0.1494667 
MO N2  0.94 0.92 0.72 0 00.5184 0.5184 0.8464 0.6277333 
MO NC  0.94 0.9 0.64 0 00.4096 0.4096 0.81 0.5430667 
MO NH  0.94 0.93 0.89 0 10.0036 0.0121 0.0049 0.006866667 
MO NM  0.94 0.94 0.98 0 10.0036 4e-04 0.0036 0.002533333 
MO NV  0.94 0.93 0.88 0 10.0036 0.0144 0.0049 0.007633333 
MO OH  0.94 0.87 0.45 0 00.2025 0.2025 0.7569 0.3873 
MO PA  0.94 0.93 0.84 0 10.0036 0.0256 0.0049 0.01136667 
MO SC  0.94 0.6 0.1 0 00.01 0.01 0.36 0.1266667 
MO TX  0.94 0.86 0.38 0 00.1444 0.1444 0.7396 0.3428 
MO VA  0.94 0.94 0.99 0 10.0036 1e-04 0.0036 0.002433333 
MO WI  0.94 0.93 0.94 0 10.0036 0.0036 0.0049 0.004033333 
MS AZ  0.92 0.9 0.68 0 10.0064 0.1024 0.01 0.0396 
MS CO  0.92 0.92 0.97 0 10.0064 9e-04 0.0064 0.004566667 
MS FL  0.92 0.89 0.69 0 00.4761 0.4761 0.7921 0.5814333 
MS GA  0.92 0.86 0.58 0 10.0064 0.1764 0.0196 0.06746667 
MS IA  0.92 0.86 0.4 0 00.16 0.16 0.7396 0.3532 
MS M2  0.92 0.92 0.57 0 00.3249 0.3249 0.8464 0.4987333 
MS ME  0.92 0.93 0.9 0 10.0064 0.01 0.0049 0.0071 
MS MI  0.92 0.91 0.95 0 10.0064 0.0025 0.0081 0.005666667 
MS MN  0.92 0.92 0.96 0 10.0064 0.0016 0.0064 0.0048 
MS MO  0.92 0.55 0.06 0 00.0036 0.0036 0.3025 0.1032333 
MS N2  0.92 0.91 0.72 0 00.5184 0.5184 0.8281 0.6216333 
MS NC  0.92 0.88 0.64 0 00.4096 0.4096 0.7744 0.5312 
MS NH  0.92 0.93 0.89 0 10.0064 0.0121 0.0049 0.0078 
MS NM  0.92 0.92 0.98 0 10.0064 4e-04 0.0064 0.0044 
MS NV  0.92 0.91 0.88 0 10.0064 0.0144 0.0081 0.009633333 
MS OH  0.92 0.89 0.45 0 00.2025 0.2025 0.7921 0.3990333 
MS PA  0.92 0.91 0.84 0 10.0064 0.0256 0.0081 0.01336667 
MS SC  0.92 0.43 0.1 0 00.01 0.01 0.1849 0.0683 
MS TX  0.92 0.83 0.38 0 00.1444 0.1444 0.6889 0.3259 
MS VA  0.92 0.92 0.99 0 10.0064 1e-04 0.0064 0.0043 
MS WI  0.92 0.91 0.94 0 10.0064 0.0036 0.0081 0.006033333 
N2 AZ  0.28 0.18 0.68 0 10.5184 0.1024 0.6724 0.4310667 
N2 CO  0.28 0.27 0.97 0 10.5184 9e-04 0.5329 0.3507333 
N2 FL  0.28 0.17 0.69 0 00.4761 0.4761 0.0289 0.3270333 
N2 GA  0.28 0.14 0.58 0 10.5184 0.1764 0.7396 0.4781333 
N2 IA  0.28 0.07 0.4 0 00.16 0.16 0.0049 0.1083 
N2 M2  0.28 0.21 0.57 0 00.3249 0.3249 0.0441 0.2313 
N2 ME  0.28 0.26 0.9 0 10.5184 0.01 0.5476 0.3586667 
N2 MI  0.28 0.25 0.95 0 10.5184 0.0025 0.5625 0.3611333 
N2 MN  0.28 0.26 0.96 0 10.5184 0.0016 0.5476 0.3558667 
N2 MO  0.28 0.05 0.06 0 00.0036 0.0036 0.0025 0.003233333 
N2 MS  0.28 0.22 0.08 0 00.0064 0.0064 0.0484 0.0204 
N2 NC  0.28 0.16 0.64 0 00.4096 0.4096 0.0256 0.2816 
N2 NH  0.28 0.24 0.89 0 10.5184 0.0121 0.5776 0.3693667 
N2 NM  0.28 0.28 0.98 0 10.5184 4e-04 0.5184 0.3457333 
N2 NV  0.28 0.23 0.88 0 10.5184 0.0144 0.5929 0.3752333 
N2 OH  0.28 0.09 0.45 0 00.2025 0.2025 0.0081 0.1377 
N2 PA  0.28 0.2 0.84 0 10.5184 0.0256 0.64 0.3946667 
N2 SC  0.28 0.11 0.1 0 00.01 0.01 0.0121 0.0107 
N2 TX  0.28 0.09 0.38 0 00.1444 0.1444 0.0081 0.09896667 
N2 VA  0.28 0.28 0.99 0 10.5184 1e-04 0.5184 0.3456333 
N2 WI  0.28 0.25 0.94 0 10.5184 0.0036 0.5625 0.3615 
NC AZ  0.36 0.27 0.68 0 10.4096 0.1024 0.5329 0.3483 
NC CO  0.36 0.35 0.97 0 10.4096 9e-04 0.4225 0.2776667 
NC FL  0.36 0.21 0.69 0 00.4761 0.4761 0.0441 0.3321 
NC GA  0.36 0.14 0.58 0 10.4096 0.1764 0.7396 0.4418667 
NC IA  0.36 0.15 0.4 0 00.16 0.16 0.0225 0.1141667 
NC M2  0.36 0.23 0.57 0 00.3249 0.3249 0.0529 0.2342333 
NC ME  0.36 0.33 0.9 0 10.4096 0.01 0.4489 0.2895 
NC MI  0.36 0.33 0.95 0 10.4096 0.0025 0.4489 0.287 
NC MN  0.36 0.34 0.96 0 10.4096 0.0016 0.4356 0.2822667 
NC MO  0.36 0.01 0.06 0 00.0036 0.0036 1e-04 0.002433333 
NC MS  0.36 0.09 0.08 0 00.0064 0.0064 0.0081 0.006966667 
NC N2  0.36 0.25 0.72 0 00.5184 0.5184 0.0625 0.3664333 
NC NH  0.36 0.32 0.89 0 10.4096 0.0121 0.4624 0.2947 
NC NM  0.36 0.35 0.98 0 10.4096 4e-04 0.4225 0.2775 
NC NV  0.36 0.31 0.88 0 10.4096 0.0144 0.4761 0.3000333 
NC OH  0.36 0.12 0.45 0 00.2025 0.2025 0.0144 0.1398 
NC PA  0.36 0.27 0.84 0 10.4096 0.0256 0.5329 0.3227 
NC SC  0.36 0.04 0.1 0 00.01 0.01 0.0016 0.0072 
NC TX  0.36 0.1 0.38 0 00.1444 0.1444 0.01 0.0996 
NC VA  0.36 0.36 0.99 0 10.4096 1e-04 0.4096 0.2731 
NC WI  0.36 0.33 0.94 0 10.4096 0.0036 0.4489 0.2873667 
NH AZ  0.11 0.09 0.68 1 10.1024 0.1024 0.0081 0.07096667 
NH CO  0.11 0.09 0.97 1 19e-04 9e-04 0.0081 0.0033 
NH FL  0.11 0.08 0.69 1 00.0961 0.4761 0.0064 0.1928667 
NH GA  0.11 0.09 0.58 1 10.1764 0.1764 0.0081 0.1203 
NH IA  0.11 0.04 0.4 1 00.36 0.16 0.0016 0.1738667 
NH M2  0.11 0.02 0.57 1 00.1849 0.3249 4e-04 0.1700667 
NH ME  0.11 0.05 0.9 1 10.01 0.01 0.0025 0.0075 
NH MI  0.11 0.09 0.95 1 10.0025 0.0025 0.0081 0.004366667 
NH MN  0.11 0.08 0.96 1 10.0016 0.0016 0.0064 0.0032 
NH MO  0.11 0.02 0.06 1 00.8836 0.0036 4e-04 0.2958667 
NH MS  0.11 0.26 0.08 1 00.8464 0.0064 0.0676 0.3068 
NH N2  0.11 0.05 0.72 1 00.0784 0.5184 0.0025 0.1997667 
NH NC  0.11 0.05 0.64 1 00.1296 0.4096 0.0025 0.1805667 
NH NM  0.11 0.1 0.98 1 14e-04 4e-04 0.01 0.0036 
NH NV  0.11 0.09 0.88 1 10.0144 0.0144 0.0081 0.0123 
NH OH  0.11 0.02 0.45 1 00.3025 0.2025 4e-04 0.1684667 
NH PA  0.11 0.04 0.84 1 10.0256 0.0256 0.0016 0.0176 
NH SC  0.11 0.13 0.1 1 00.81 0.01 0.0169 0.2789667 
NH TX  0.11 0.07 0.38 1 00.3844 0.1444 0.0049 0.1779 
NH VA  0.11 0.1 0.99 1 11e-04 1e-04 0.01 0.0034 
NH WI  0.11 0.09 0.94 1 10.0036 0.0036 0.0081 0.0051 
NM AZ  0.02 0 0.68 1 10.1024 0.1024 0 0.06826667 
NM CO  0.02 0.02 0.97 1 19e-04 9e-04 4e-04 0.0007333333 
NM FL  0.02 0.01 0.69 1 00.0961 0.4761 1e-04 0.1907667 
NM GA  0.02 0.01 0.58 1 10.1764 0.1764 1e-04 0.1176333 
NM IA  0.02 0.01 0.4 1 00.36 0.16 1e-04 0.1733667 
NM M2  0.02 0.01 0.57 1 00.1849 0.3249 1e-04 0.1699667 
NM ME  0.02 0.01 0.9 1 10.01 0.01 1e-04 0.0067 
NM MI  0.02 0.01 0.95 1 10.0025 0.0025 1e-04 0.0017 
NM MN  0.02 0.02 0.96 1 10.0016 0.0016 4e-04 0.0012 
NM MO  0.02 0.02 0.06 1 00.8836 0.0036 4e-04 0.2958667 
NM MS  0.02 0.04 0.08 1 00.8464 0.0064 0.0016 0.2848 
NM N2  0.02 0.02 0.72 1 00.0784 0.5184 4e-04 0.1990667 
NM NC  0.02 0.01 0.64 1 00.1296 0.4096 1e-04 0.1797667 
NM NH  0.02 0.02 0.89 1 10.0121 0.0121 4e-04 0.0082 
NM NV  0.02 0.01 0.88 1 10.0144 0.0144 1e-04 0.009633333 
NM OH  0.02 0.01 0.45 1 00.3025 0.2025 1e-04 0.1683667 
NM PA  0.02 0.01 0.84 1 10.0256 0.0256 1e-04 0.0171 
NM SC  0.02 0.02 0.1 1 00.81 0.01 4e-04 0.2734667 
NM TX  0.02 0 0.38 1 00.3844 0.1444 0 0.1762667 
NM VA  0.02 0.02 0.99 1 11e-04 1e-04 4e-04 2e-04 
NM WI  0.02 0.02 0.94 1 10.0036 0.0036 4e-04 0.002533333 
NV AZ  0.12 0.02 0.68 1 10.1024 0.1024 4e-04 0.0684 
NV CO  0.12 0.11 0.97 1 19e-04 9e-04 0.0121 0.004633333 
NV FL  0.12 0.03 0.69 1 00.0961 0.4761 9e-04 0.1910333 
NV GA  0.12 0.05 0.58 1 10.1764 0.1764 0.0025 0.1184333 
NV IA  0.12 0.03 0.4 1 00.36 0.16 9e-04 0.1736333 
NV M2  0.12 0.07 0.57 1 00.1849 0.3249 0.0049 0.1715667 
NV ME  0.12 0.1 0.9 1 10.01 0.01 0.01 0.01 
NV MI  0.12 0.09 0.95 1 10.0025 0.0025 0.0081 0.004366667 
NV MN  0.12 0.1 0.96 1 10.0016 0.0016 0.01 0.0044 
NV MO  0.12 0.03 0.06 1 00.8836 0.0036 9e-04 0.2960333 
NV MS  0.12 0.07 0.08 1 00.8464 0.0064 0.0049 0.2859 
NV N2  0.12 0.06 0.72 1 00.0784 0.5184 0.0036 0.2001333 
NV NC  0.12 0.05 0.64 1 00.1296 0.4096 0.0025 0.1805667 
NV NH  0.12 0.1 0.89 1 10.0121 0.0121 0.01 0.0114 
NV NM  0.12 0.11 0.98 1 14e-04 4e-04 0.0121 0.0043 
NV OH  0.12 0.04 0.45 1 00.3025 0.2025 0.0016 0.1688667 
NV PA  0.12 0.07 0.84 1 10.0256 0.0256 0.0049 0.0187 
NV SC  0.12 0.03 0.1 1 00.81 0.01 9e-04 0.2736333 
NV TX  0.12 0.01 0.38 1 00.3844 0.1444 1e-04 0.1763 
NV VA  0.12 0.12 0.99 1 11e-04 1e-04 0.0144 0.004866667 
NV WI  0.12 0.09 0.94 1 10.0036 0.0036 0.0081 0.0051 
OH AZ  0.55 0.44 0.68 0 10.2025 0.1024 0.3136 0.2061667 
OH CO  0.55 0.54 0.97 0 10.2025 9e-04 0.2116 0.1383333 
OH FL  0.55 0.43 0.69 0 00.4761 0.4761 0.1849 0.3790333 
OH GA  0.55 0.39 0.58 0 10.2025 0.1764 0.3721 0.2503333 
OH IA  0.55 0.21 0.4 0 00.16 0.16 0.0441 0.1213667 
OH M2  0.55 0.35 0.57 0 00.3249 0.3249 0.1225 0.2574333 
OH ME  0.55 0.51 0.9 0 10.2025 0.01 0.2401 0.1508667 
OH MI  0.55 0.52 0.95 0 10.2025 0.0025 0.2304 0.1451333 
OH MN  0.55 0.53 0.96 0 10.2025 0.0016 0.2209 0.1416667 
OH MO  0.55 0.07 0.06 0 00.0036 0.0036 0.0049 0.004033333 
OH MS  0.55 0.4 0.08 0 00.0064 0.0064 0.16 0.0576 
OH N2  0.55 0.42 0.72 0 00.5184 0.5184 0.1764 0.4044 
OH NC  0.55 0.37 0.64 0 00.4096 0.4096 0.1369 0.3187 
OH NH  0.55 0.5 0.89 0 10.2025 0.0121 0.25 0.1548667 
OH NM  0.55 0.54 0.98 0 10.2025 4e-04 0.2116 0.1381667 
OH NV  0.55 0.5 0.88 0 10.2025 0.0144 0.25 0.1556333 
OH PA  0.55 0.47 0.84 0 10.2025 0.0256 0.2809 0.1696667 
OH SC  0.55 0.21 0.1 0 00.01 0.01 0.0441 0.02136667 
OH TX  0.55 0.3 0.38 0 00.1444 0.1444 0.09 0.1262667 
OH VA  0.55 0.54 0.99 0 10.2025 1e-04 0.2116 0.1380667 
OH WI  0.55 0.52 0.94 0 10.2025 0.0036 0.2304 0.1455 
PA AZ  0.16 0.08 0.68 1 10.1024 0.1024 0.0064 0.0704 
PA CO  0.16 0.14 0.97 1 19e-04 9e-04 0.0196 0.007133333 
PA FL  0.16 0.07 0.69 1 00.0961 0.4761 0.0049 0.1923667 
PA GA  0.16 0.07 0.58 1 10.1764 0.1764 0.0049 0.1192333 
PA IA  0.16 0.03 0.4 1 00.36 0.16 9e-04 0.1736333 
PA M2  0.16 0.04 0.57 1 00.1849 0.3249 0.0016 0.1704667 
PA ME  0.16 0.11 0.9 1 10.01 0.01 0.0121 0.0107 
PA MI  0.16 0.12 0.95 1 10.0025 0.0025 0.0144 0.006466667 
PA MN  0.16 0.13 0.96 1 10.0016 0.0016 0.0169 0.0067 
PA MO  0.16 0.01 0.06 1 00.8836 0.0036 1e-04 0.2957667 
PA MS  0.16 0.13 0.08 1 00.8464 0.0064 0.0169 0.2899 
PA N2  0.16 0.06 0.72 1 00.0784 0.5184 0.0036 0.2001333 
PA NC  0.16 0.04 0.64 1 00.1296 0.4096 0.0016 0.1802667 
PA NH  0.16 0.1 0.89 1 10.0121 0.0121 0.01 0.0114 
PA NM  0.16 0.15 0.98 1 14e-04 4e-04 0.0225 0.007766667 
PA NV  0.16 0.11 0.88 1 10.0144 0.0144 0.0121 0.01363333 
PA OH  0.16 0.01 0.45 1 00.3025 0.2025 1e-04 0.1683667 
PA SC  0.16 0.05 0.1 1 00.81 0.01 0.0025 0.2741667 
PA TX  0.16 0.04 0.38 1 00.3844 0.1444 0.0016 0.1768 
PA VA  0.16 0.15 0.99 1 11e-04 1e-04 0.0225 0.007566667 
PA WI  0.16 0.12 0.94 1 10.0036 0.0036 0.0144 0.0072 
SC AZ  0.9 0.87 0.68 0 10.01 0.1024 0.0169 0.0431 
SC CO  0.9 0.9 0.97 0 10.01 9e-04 0.01 0.006966667 
SC FL  0.9 0.86 0.69 0 00.4761 0.4761 0.7396 0.5639333 
SC GA  0.9 0.83 0.58 0 10.01 0.1764 0.0289 0.07176667 
SC IA  0.9 0.8 0.4 0 00.16 0.16 0.64 0.32 
SC M2  0.9 0.88 0.57 0 00.3249 0.3249 0.7744 0.4747333 
SC ME  0.9 0.9 0.9 0 10.01 0.01 0.01 0.01 
SC MI  0.9 0.9 0.95 0 10.01 0.0025 0.01 0.0075 
SC MN  0.9 0.9 0.96 0 10.01 0.0016 0.01 0.0072 
SC MO  0.9 0.38 0.06 0 00.0036 0.0036 0.1444 0.05053333 
SC MS  0.9 0.32 0.08 0 00.0064 0.0064 0.1024 0.0384 
SC N2  0.9 0.88 0.72 0 00.5184 0.5184 0.7744 0.6037333 
SC NC  0.9 0.85 0.64 0 00.4096 0.4096 0.7225 0.5139 
SC NH  0.9 0.9 0.89 0 10.01 0.0121 0.01 0.0107 
SC NM  0.9 0.9 0.98 0 10.01 4e-04 0.01 0.0068 
SC NV  0.9 0.89 0.88 0 10.01 0.0144 0.0121 0.01216667 
SC OH  0.9 0.83 0.45 0 00.2025 0.2025 0.6889 0.3646333 
SC PA  0.9 0.89 0.84 0 10.01 0.0256 0.0121 0.0159 
SC TX  0.9 0.77 0.38 0 00.1444 0.1444 0.5929 0.2939 
SC VA  0.9 0.9 0.99 0 10.01 1e-04 0.01 0.0067 
SC WI  0.9 0.9 0.94 0 10.01 0.0036 0.01 0.007866667 
TX AZ  0.62 0.49 0.68 0 10.1444 0.1024 0.2601 0.1689667 
TX CO  0.62 0.61 0.97 0 10.1444 9e-04 0.1521 0.09913333 
TX FL  0.62 0.47 0.69 0 00.4761 0.4761 0.2209 0.3910333 
TX GA  0.62 0.42 0.58 0 10.1444 0.1764 0.3364 0.2190667 
TX IA  0.62 0.38 0.4 0 00.16 0.16 0.1444 0.1548 
TX M2  0.62 0.56 0.57 0 00.3249 0.3249 0.3136 0.3211333 
TX ME  0.62 0.61 0.9 0 10.1444 0.01 0.1521 0.1021667 
TX MI  0.62 0.6 0.95 0 10.1444 0.0025 0.16 0.1023 
TX MN  0.62 0.61 0.96 0 10.1444 0.0016 0.1521 0.09936667 
TX MO  0.62 0.15 0.06 0 00.0036 0.0036 0.0225 0.0099 
TX MS  0.62 0.24 0.08 0 00.0064 0.0064 0.0576 0.02346667 
TX N2  0.62 0.52 0.72 0 00.5184 0.5184 0.2704 0.4357333 
TX NC  0.62 0.46 0.64 0 00.4096 0.4096 0.2116 0.3436 
TX NH  0.62 0.6 0.89 0 10.1444 0.0121 0.16 0.1055 
TX NM  0.62 0.61 0.98 0 10.1444 4e-04 0.1521 0.09896667 
TX NV  0.62 0.57 0.88 0 10.1444 0.0144 0.1849 0.1145667 
TX OH  0.62 0.41 0.45 0 00.2025 0.2025 0.1681 0.1910333 
TX PA  0.62 0.57 0.84 0 10.1444 0.0256 0.1849 0.1183 
TX SC  0.62 0.13 0.1 0 00.01 0.01 0.0169 0.0123 
TX VA  0.62 0.61 0.99 0 10.1444 1e-04 0.1521 0.09886667 
TX WI  0.62 0.6 0.94 0 10.1444 0.0036 0.16 0.1026667 
VA AZ  0.01 0.01 0.68 1 10.1024 0.1024 1e-04 0.0683 
VA CO  0.01 0 0.97 1 19e-04 9e-04 0 6e-04 
VA FL  0.01 0 0.69 1 00.0961 0.4761 0 0.1907333 
VA GA  0.01 0 0.58 1 10.1764 0.1764 0 0.1176 
VA IA  0.01 0 0.4 1 00.36 0.16 0 0.1733333 
VA M2  0.01 0 0.57 1 00.1849 0.3249 0 0.1699333 
VA ME  0.01 0 0.9 1 10.01 0.01 0 0.006666667 
VA MI  0.01 0 0.95 1 10.0025 0.0025 0 0.001666667 
VA MN  0.01 0 0.96 1 10.0016 0.0016 0 0.001066667 
VA MO  0.01 0 0.06 1 00.8836 0.0036 0 0.2957333 
VA MS  0.01 0.02 0.08 1 00.8464 0.0064 4e-04 0.2844 
VA N2  0.01 0 0.72 1 00.0784 0.5184 0 0.1989333 
VA NC  0.01 0 0.64 1 00.1296 0.4096 0 0.1797333 
VA NH  0.01 0 0.89 1 10.0121 0.0121 0 0.008066667 
VA NM  0.01 0.01 0.98 1 14e-04 4e-04 1e-04 3e-04 
VA NV  0.01 0.01 0.88 1 10.0144 0.0144 1e-04 0.009633333 
VA OH  0.01 0 0.45 1 00.3025 0.2025 0 0.1683333 
VA PA  0.01 0 0.84 1 10.0256 0.0256 0 0.01706667 
VA SC  0.01 0.01 0.1 1 00.81 0.01 1e-04 0.2733667 
VA TX  0.01 0 0.38 1 00.3844 0.1444 0 0.1762667 
VA WI  0.01 0.01 0.94 1 10.0036 0.0036 1e-04 0.002433333 
WI AZ  0.06 0.01 0.68 1 10.1024 0.1024 1e-04 0.0683 
WI CO  0.06 0.05 0.97 1 19e-04 9e-04 0.0025 0.001433333 
WI FL  0.06 0.01 0.69 1 00.0961 0.4761 1e-04 0.1907667 
WI GA  0.06 0.02 0.58 1 10.1764 0.1764 4e-04 0.1177333 
WI IA  0.06 0 0.4 1 00.36 0.16 0 0.1733333 
WI M2  0.06 0.02 0.57 1 00.1849 0.3249 4e-04 0.1700667 
WI ME  0.06 0.04 0.9 1 10.01 0.01 0.0016 0.0072 
WI MI  0.06 0.03 0.95 1 10.0025 0.0025 9e-04 0.001966667 
WI MN  0.06 0.03 0.96 1 10.0016 0.0016 9e-04 0.001366667 
WI MO  0.06 0 0.06 1 00.8836 0.0036 0 0.2957333 
WI MS  0.06 0.03 0.08 1 00.8464 0.0064 9e-04 0.2845667 
WI N2  0.06 0.01 0.72 1 00.0784 0.5184 1e-04 0.1989667 
WI NC  0.06 0.02 0.64 1 00.1296 0.4096 4e-04 0.1798667 
WI NH  0.06 0.03 0.89 1 10.0121 0.0121 9e-04 0.008366667 
WI NM  0.06 0.05 0.98 1 14e-04 4e-04 0.0025 0.0011 
WI NV  0.06 0.02 0.88 1 10.0144 0.0144 4e-04 0.009733333 
WI OH  0.06 0.01 0.45 1 00.3025 0.2025 1e-04 0.1683667 
WI PA  0.06 0.01 0.84 1 10.0256 0.0256 1e-04 0.0171 
WI SC  0.06 0.01 0.1 1 00.81 0.01 1e-04 0.2733667 
WI TX  0.06 0.01 0.38 1 00.3844 0.1444 1e-04 0.1763 
WI VA  0.06 0.05 0.99 1 11e-04 1e-04 0.0025 9e-04 
The average brier score with the third way of testing it is(TB) 0.1539066