State1: State2: Win Prob(State1): Conditional Prob(State1): Win Prob(State2): Outcome1: Outcome2: Brier Score(State1): Brier Score(State2): Brier Score(Conditional): Brier Score(Average)
CO AZ 0.95609 0.9533502 0.89849 1 0 0.001928088 0.01030428 0.02057055 0.01093431 
FL AZ 0.71762 0.6927288 0.89849 0 0 0.5149785 0.8072843 0.3873941 0.5698856 
GA AZ 0.05696 0.03426833 0.89849 0 0 0.003244442 0.8072843 0.0009480087 0.2704922 
IA AZ 0.04261 0.02367468 0.89849 0 0 0.001815612 0.8072843 0.0004524753 0.2698508 
ME AZ 0.99569 0.9955804 0.89849 1 0 1.85761e-05 0.01030428 0.01112623 0.007149695 
MI AZ 0.92068 0.913141 0.89849 0 0 0.8476517 0.8072843 0.673135 0.7760237 
MN AZ 0.99486 0.994048 0.89849 1 0 2.64196e-05 0.01030428 0.01141859 0.007249763 
MO AZ 0.00025 0 0.89849 0 0 6.25e-08 0.8072843 0 0.2690948 
MS AZ 0.00029 2.22089e-05 0.89849 0 0 8.41e-08 0.8072843 3.981809e-10 0.2690948 
NC AZ 0.6677 0.6352855 0.89849 0 0 0.4458233 0.8072843 0.32581 0.5263058 
NH AZ 0.95555 0.95184 0.89849 1 0 0.001975802 0.01030428 0.02096162 0.01108057 
NM AZ 0.98987 0.9891954 0.89849 1 0 0.0001026169 0.01030428 0.01236941 0.007592102 
NV AZ 0.64983 0.6186954 0.89849 1 0 0.122619 0.01030428 0.1972322 0.1100518 
OH AZ 0.28267 0.2360695 0.89849 0 0 0.07990233 0.8072843 0.04498898 0.3107252 
PA AZ 0.94198 0.9375264 0.89849 0 0 0.8873263 0.8072843 0.7095671 0.8013926 
SC AZ 0.01286 0.005374553 0.89849 0 0 0.0001653796 0.8072843 2.331907e-05 0.2691577 
TX AZ 0.00034 3.331335e-05 0.89849 0 0 1.156e-07 0.8072843 8.959071e-10 0.2690948 
VA AZ 0.99056 0.989895 0.89849 1 0 8.91136e-05 0.01030428 0.01222999 0.007541128 
WI AZ 0.971 0.9682635 0.89849 0 0 0.942841 0.8072843 0.7568566 0.8356606 
AZ CO 0.10054 0.0008998875 0.04287 0 1 0.01010829 0.9160978 1.488276e-09 0.3087354 
FL CO 0.71988 0.1766029 0.04287 0 1 0.5182272 0.9160978 5.731955e-05 0.4781275 
GA CO 0.05993 0.0002249719 0.04287 0 1 0.003591605 0.9160978 9.301724e-11 0.3065631 
IA CO 0.04334 0.0002249719 0.04287 0 1 0.001878356 0.9160978 9.301724e-11 0.3059921 
ME CO 0.99559 0.952306 0.04287 1 1 1.94481e-05 0.9160978 0.00166671 0.305928 
MI CO 0.92139 0.5554556 0.04287 0 1 0.8489595 0.9160978 0.0005670295 0.5885415 
MN CO 0.99476 0.9417323 0.04287 1 1 2.74576e-05 0.9160978 0.001629903 0.3059184 
MO CO 0.00031 0 0.04287 0 1 9.61e-08 0.9160978 0 0.305366 
MS CO 0.00018 0 0.04287 0 1 3.24e-08 0.9160978 0 0.305366 
NC CO 0.66924 0.1392576 0.04287 0 1 0.4478822 0.9160978 3.564058e-05 0.4546719 
NH CO 0.95464 0.7007874 0.04287 1 1 0.00205753 0.9160978 0.0009025672 0.3063526 
NM CO 0.99004 0.9021372 0.04287 1 1 9.92016e-05 0.9160978 0.001495726 0.3058976 
NV CO 0.65087 0.1151856 0.04287 1 1 0.1218918 0.9160978 2.438391e-05 0.3460047 
OH CO 0.28434 0.01102362 0.04287 0 1 0.08084924 0.9160978 2.233344e-07 0.3323158 
PA CO 0.94147 0.6092238 0.04287 0 1 0.8863658 0.9160978 0.00068212 0.6010486 
SC CO 0.01249 0.0002249719 0.04287 0 1 0.0001560001 0.9160978 9.301724e-11 0.3054179 
TX CO 4e-04 0 0.04287 0 1 1.6e-07 0.9160978 0 0.305366 
VA CO 0.99007 0.8836895 0.04287 1 1 9.86049e-05 0.9160978 0.00143518 0.3058772 
WI CO 0.97107 0.7624297 0.04287 0 1 0.9429769 0.9160978 0.001068333 0.6200477 
AZ FL 0.10087 0.006658121 0.28057 0 0 0.01017476 0.07871952 3.489682e-06 0.02963259 
CO FL 0.95599 0.872926 0.28057 1 0 0.00193688 0.5175795 0.5701506 0.3632223 
GA FL 0.05803 0.001780246 0.28057 0 0 0.003367481 0.07871952 2.49484e-07 0.02736242 
IA FL 0.0439 0.001495407 0.28057 0 0 0.00192721 0.07871952 1.760359e-07 0.0268823 
ME FL 0.99536 0.9865413 0.28057 1 0 2.15296e-05 0.5175795 0.5230271 0.346876 
MI FL 0.92047 0.7869045 0.28057 0 0 0.847265 0.07871952 0.0487446 0.3249097 
MN FL 0.99449 0.982518 0.28057 1 0 3.03601e-05 0.5175795 0.5246611 0.3474237 
MO FL 0.00032 0 0.28057 0 0 1.024e-07 0.07871952 0 0.02623988 
MS FL 0.00014 0 0.28057 0 0 1.96e-08 0.07871952 0 0.02623985 
NC FL 0.66848 0.3316599 0.28057 0 0 0.4468655 0.07871952 0.008659013 0.1780813 
NH FL 0.95622 0.8777683 0.28057 1 0 0.001916688 0.5175795 0.5681007 0.3625323 
NM FL 0.99049 0.9701987 0.28057 1 0 9.04401e-05 0.5175795 0.5296803 0.3491167 
NV FL 0.65123 0.3422702 0.28057 1 0 0.1216405 0.5175795 0.8171604 0.4854602 
OH FL 0.28479 0.05358542 0.28057 0 0 0.08110534 0.07871952 0.000226035 0.0533503 
PA FL 0.94286 0.8368582 0.28057 0 0 0.888985 0.07871952 0.05512978 0.3409448 
SC FL 0.01295 0.0002136296 0.28057 0 0 0.0001677025 0.07871952 3.59257e-09 0.02629574 
TX FL 0.00026 0 0.28057 0 0 6.76e-08 0.07871952 0 0.02623986 
VA FL 0.99065 0.9698426 0.28057 1 0 8.74225e-05 0.5175795 0.5298257 0.3491642 
WI FL 0.97141 0.9110945 0.28057 0 0 0.9436374 0.07871952 0.06534454 0.3625672 
AZ GA 0.10117 0.07629199 0.942 0 0 0.01023537 0.887364 0.005164874 0.3009214 
CO GA 0.95557 0.9534958 0.942 1 0 0.001974025 0.003364 0.01036466 0.005234228 
FL GA 0.71854 0.7031743 0.942 0 0 0.5162997 0.887364 0.4387608 0.6141415 
IA GA 0.04372 0.02983029 0.942 0 0 0.001911438 0.887364 0.0007896172 0.2966884 
ME GA 0.99613 0.9956748 0.942 1 0 1.49769e-05 0.003364 0.003853227 0.002410735 
MI GA 0.92076 0.9160352 0.942 0 0 0.847799 0.887364 0.7446054 0.8265895 
MN GA 0.99458 0.9944845 0.942 1 0 2.93764e-05 0.003364 0.00399368 0.002462352 
MO GA 0.00029 4.250842e-05 0.942 0 0 8.41e-08 0.887364 1.603437e-09 0.295788 
MS GA 0.00019 3.188132e-05 0.942 0 0 3.61e-08 0.887364 9.01933e-10 0.295788 
NC GA 0.66896 0.6490292 0.942 0 0 0.4475075 0.887364 0.3737923 0.5695546 
NH GA 0.95577 0.9527094 0.942 1 0 0.001956293 0.003364 0.01051604 0.005278779 
NM GA 0.98973 0.9900637 0.942 1 0 0.0001054729 0.003364 0.004537374 0.002668949 
NV GA 0.65172 0.6326316 0.942 1 0 0.121299 0.003364 0.1632653 0.09597609 
OH GA 0.28715 0.254466 0.942 0 0 0.08245512 0.887364 0.05745945 0.3424262 
PA GA 0.94288 0.9405839 0.942 0 0 0.8890227 0.887364 0.7850491 0.8538119 
SC GA 0.01282 0.007353957 0.942 0 0 0.0001643524 0.887364 4.798925e-05 0.2958588 
TX GA 0.00033 0.0001062711 0.942 0 0 1.089e-07 0.887364 1.002148e-08 0.295788 
VA GA 0.99014 0.9894048 0.942 1 0 9.72196e-05 0.003364 0.004621376 0.002694198 
WI GA 0.97195 0.9688307 0.942 0 0 0.9446868 0.887364 0.8329091 0.88832 
AZ IA 0.10018 0.082653 0.95723 0 0 0.01003603 0.9162893 0.006259647 0.3108617 
CO IA 0.95657 0.9554945 0.95723 1 0 0.001886165 0.001829273 0.007288372 0.003667937 
FL IA 0.71952 0.7098219 0.95723 0 0 0.517709 0.9162893 0.4616697 0.6318893 
GA IA 0.05848 0.04471426 0.95723 0 0 0.00341991 0.9162893 0.001831997 0.3071804 
ME IA 0.99536 0.9953855 0.95723 1 0 2.15296e-05 0.001829273 0.002226622 0.001359141 
MI IA 0.92223 0.918558 0.95723 0 0 0.8505082 0.9162893 0.773118 0.8466385 
MN IA 0.99462 0.9943416 0.95723 1 0 2.89444e-05 0.001829273 0.002321933 0.001393383 
MO IA 0.00026 8.351951e-05 0.95723 0 0 6.76e-08 0.9162893 6.391584e-09 0.3054298 
MS IA 0.00016 5.21997e-05 0.95723 0 0 2.56e-08 0.9162893 2.496713e-09 0.3054298 
NC IA 0.6688 0.6532165 0.95723 0 0 0.4472934 0.9162893 0.3909732 0.584852 
NH IA 0.95559 0.9543566 0.95723 1 0 0.001972248 0.001829273 0.007475547 0.003759023 
NM IA 0.9896 0.989915 0.95723 1 0 0.00010816 0.001829273 0.002748239 0.001561891 
NV IA 0.65195 0.6392583 0.95723 1 0 0.1211388 0.001829273 0.1506082 0.09119209 
OH IA 0.28172 0.2603825 0.95723 0 0 0.07936616 0.9162893 0.06212355 0.352593 
PA IA 0.9423 0.9390308 0.95723 0 0 0.8879293 0.9162893 0.8079644 0.8707277 
SC IA 0.01275 0.007986553 0.95723 0 0 0.0001625625 0.9162893 5.844554e-05 0.3055034 
TX IA 0.00037 9.395945e-05 0.95723 0 0 1.369e-07 0.9162893 8.089349e-09 0.3054298 
VA IA 0.99094 0.9897793 0.95723 1 0 8.20836e-05 0.001829273 0.002761877 0.001557744 
WI IA 0.97136 0.9706951 0.95723 0 0 0.9435402 0.9162893 0.8633726 0.907734 
AZ ME 0.10092 0 0.00467 0 1 0.01018485 0.9906818 0 0.3336222 
CO ME 0.95539 0.5304136 0.00467 1 1 0.001990052 0.9906818 6.135686e-06 0.3308927 
FL ME 0.71912 0.09975669 0.00467 0 1 0.5171336 0.9906818 2.17029e-07 0.5026052 
GA ME 0.05832 0 0.00467 0 1 0.003401222 0.9906818 0 0.331361 
IA ME 0.04337 0 0.00467 0 1 0.001880957 0.9906818 0 0.3308543 
MI ME 0.92045 0.3901054 0.00467 0 1 0.8472282 0.9906818 3.318927e-06 0.6126378 
MN ME 0.99444 0.8686131 0.00467 1 1 3.09136e-05 0.9906818 1.645457e-05 0.3302431 
MO ME 0.00025 0 0.00467 0 1 6.25e-08 0.9906818 0 0.3302273 
MS ME 0.00025 0 0.00467 0 1 6.25e-08 0.9906818 0 0.3302273 
NC ME 0.66787 0.05758313 0.00467 0 1 0.4460503 0.9906818 7.231432e-08 0.4789107 
NH ME 0.95569 0.4995945 0.00467 1 1 0.001963376 0.9906818 5.443385e-06 0.3308835 
NM ME 0.98976 0.8183293 0.00467 1 1 0.0001048576 0.9906818 1.460461e-05 0.3302671 
NV ME 0.65119 0.06731549 0.00467 1 1 0.1216684 0.9906818 9.882431e-08 0.3707834 
OH ME 0.28455 0.00162206 0.00467 0 1 0.0809687 0.9906818 5.738093e-11 0.3572168 
PA ME 0.94057 0.4355231 0.00467 0 1 0.8846719 0.9906818 4.136721e-06 0.6251193 
SC ME 0.01253 0 0.00467 0 1 0.0001570009 0.9906818 0 0.3302796 
TX ME 0.00035 0 0.00467 0 1 1.225e-07 0.9906818 0 0.3302273 
VA ME 0.99009 0.783455 0.00467 1 1 9.82081e-05 0.9906818 1.338634e-05 0.3302645 
WI ME 0.97134 0.5863747 0.00467 0 1 0.9435014 0.9906818 7.498669e-06 0.6447302 
AZ MI 0.09863 0.001897533 0.07872 0 0 0.009727877 0.006196838 2.231254e-08 0.005308246 
CO MI 0.95609 0.7598988 0.07872 1 0 0.001928088 0.8487568 0.8839399 0.5782083 
FL MI 0.71901 0.2351676 0.07872 0 0 0.5169754 0.006196838 0.0003427088 0.174505 
GA MI 0.05922 0.0002530044 0.07872 0 0 0.003507008 0.006196838 3.966673e-10 0.003234616 
IA MI 0.04323 0.0002530044 0.07872 0 0 0.001868833 0.006196838 3.966673e-10 0.002688557 
ME MI 0.99561 0.9624288 0.07872 1 0 1.92721e-05 0.8487568 0.8542151 0.5676638 
MN MI 0.99477 0.9601518 0.07872 1 0 2.73529e-05 0.8487568 0.8545465 0.5677769 
MO MI 0.00032 0 0.07872 0 0 1.024e-07 0.006196838 0 0.002065647 
MS MI 0.00022 0 0.07872 0 0 4.84e-08 0.006196838 0 0.002065629 
NC MI 0.66759 0.1808982 0.07872 0 0 0.4456764 0.006196838 0.0002027862 0.150692 
NH MI 0.95624 0.7549652 0.07872 1 0 0.001914938 0.8487568 0.8846703 0.5784474 
NM MI 0.98966 0.9258697 0.07872 1 0 0.0001069156 0.8487568 0.8595432 0.569469 
NV MI 0.65153 0.201518 0.07872 1 0 0.1214313 0.8487568 0.9685247 0.6462376 
OH MI 0.28174 0.01543327 0.07872 0 0 0.07937743 0.006196838 1.475999e-06 0.02852525 
PA MI 0.94175 0.6950032 0.07872 0 0 0.8868931 0.006196838 0.002993255 0.2986944 
SC MI 0.01199 0.0001265022 0.07872 0 0 0.0001437601 0.006196838 9.916683e-11 0.002113533 
TX MI 0.00026 0 0.07872 0 0 6.76e-08 0.006196838 0 0.002065635 
VA MI 0.99033 0.9243517 0.07872 1 0 9.35089e-05 0.8487568 0.8597648 0.5695384 
WI MI 0.97133 0.8251739 0.07872 0 0 0.943482 0.006196838 0.004219502 0.3179661 
AZ MN 0.09934 0 0.00544 0 1 0.009868436 0.9891496 0 0.333006 
CO MN 0.95571 0.5196629 0.00544 1 1 0.001961604 0.9891496 7.991738e-06 0.3303731 
FL MN 0.72045 0.09550562 0.00544 0 1 0.5190482 0.9891496 2.699328e-07 0.5027327 
GA MN 0.05727 0 0.00544 0 1 0.003279853 0.9891496 0 0.3308098 
IA MN 0.0423 0 0.00544 0 1 0.00178929 0.9891496 0 0.330313 
ME MN 0.99517 0.8913858 0.00544 1 1 2.33289e-05 0.9891496 2.351414e-05 0.3297321 
MI MN 0.91927 0.3923221 0.00544 0 1 0.8450573 0.9891496 4.554947e-06 0.6114038 
MO MN 0.00029 0 0.00544 0 1 8.41e-08 0.9891496 0 0.3297166 
MS MN 0.00018 0 0.00544 0 1 3.24e-08 0.9891496 0 0.3297165 
NC MN 0.66657 0.06928839 0.00544 0 1 0.4443156 0.9891496 1.420753e-07 0.4778218 
NH MN 0.95573 0.5177903 0.00544 1 1 0.001959833 0.9891496 7.934244e-06 0.3303725 
NM MN 0.99023 0.7958801 0.00544 1 1 9.54529e-05 0.9891496 1.874533e-05 0.3297546 
NV MN 0.6502 0.06460674 0.00544 1 1 0.12236 0.9891496 1.235246e-07 0.3705033 
OH MN 0.2827 0.0009363296 0.00544 0 1 0.07991929 0.9891496 2.59451e-11 0.3563563 
PA MN 0.94136 0.423221 0.00544 0 1 0.8861586 0.9891496 5.300687e-06 0.6251045 
SC MN 0.01225 0 0.00544 0 1 0.0001500625 0.9891496 0 0.3297666 
TX MN 0.00028 0 0.00544 0 1 7.84e-08 0.9891496 0 0.3297166 
VA MN 0.98974 0.7996255 0.00544 1 1 0.0001052676 0.9891496 1.892217e-05 0.3297579 
WI MN 0.97116 0.6498127 0.00544 0 1 0.9431517 0.9891496 1.249609e-05 0.6441046 
AZ MO 0.10091 0.1017985 0.99983 0 0 0.01018283 0.99966 0.01035941 0.3400674 
CO MO 0.95598 0.9555376 0.99983 1 0 0.00193776 2.89e-08 0.001991381 0.001309723 
FL MO 0.71878 0.7205418 0.99983 0 0 0.5166447 0.99966 0.5190039 0.6784362 
GA MO 0.058 0.05688593 0.99983 0 0 0.003364 0.99966 0.003234909 0.3354196 
IA MO 0.04298 0.04331213 0.99983 0 0 0.00184728 0.99966 0.001875303 0.3344609 
ME MO 0.99571 0.9957388 0.99983 1 0 1.84041e-05 2.89e-08 1.962905e-05 1.268735e-05 
MI MO 0.92017 0.9216881 0.99983 0 0 0.8467128 0.99966 0.8492201 0.898531 
MN MO 0.99428 0.9946085 0.99983 1 0 3.27184e-05 2.89e-08 3.09202e-05 2.12225e-05 
MS MO 0.00015 0.0002300644 0.99983 0 0 2.25e-08 0.99966 5.291164e-08 0.33322 
NC MO 0.66569 0.6655764 0.99983 0 0 0.4431432 0.99966 0.4428413 0.6285482 
NH MO 0.95516 0.957078 0.99983 1 0 0.002010626 2.89e-08 0.001856293 0.001288983 
NM MO 0.99003 0.9897171 0.99983 1 0 9.94009e-05 2.89e-08 0.0001092261 6.955198e-05 
NV MO 0.65045 0.6507722 0.99983 1 0 0.1221852 2.89e-08 0.1220373 0.08140752 
OH MO 0.28361 0.2827692 0.99983 0 0 0.08043463 0.99966 0.07993122 0.3866753 
PA MO 0.94124 0.9425639 0.99983 0 0 0.8859327 0.99966 0.8881247 0.9245725 
SC MO 0.01246 0.01239347 0.99983 0 0 0.0001552516 0.99966 0.0001535459 0.3333229 
TX MO 0.00037 0.0003100868 0.99983 0 0 1.369e-07 0.99966 9.612115e-08 0.3332201 
VA MO 0.99017 0.9902473 0.99983 1 0 9.66289e-05 2.89e-08 9.842769e-05 6.50285e-05 
WI MO 0.97169 0.9706318 0.99983 0 0 0.9441815 0.99966 0.9418058 0.9618824 
AZ MS 0.10007 0.09825572 0.99977 0 0 0.010014 0.9995401 0.009649746 0.3397346 
CO MS 0.95578 0.9557529 0.99977 1 0 0.001955408 5.29e-08 0.001977305 0.001310922 
FL MS 0.71911 0.7177348 0.99977 0 0 0.5171192 0.9995401 0.5149064 0.6771885 
GA MS 0.05728 0.05795927 0.99977 0 0 0.003280998 0.9995401 0.003357732 0.3353929 
IA MS 0.04222 0.04191671 0.99977 0 0 0.001782528 0.9995401 0.001756202 0.3343596 
ME MS 0.9959 0.9954493 0.99977 1 0 1.681e-05 5.29e-08 2.284535e-05 1.323608e-05 
MI MS 0.92017 0.9205673 0.99977 0 0 0.8467128 0.9995401 0.8470544 0.8977691 
MN MS 0.99511 0.9945091 0.99977 1 0 2.39121e-05 5.29e-08 3.2714e-05 1.8893e-05 
MO MS 0.00024 0.0003100496 0.99977 0 0 5.76e-08 0.9995401 9.608654e-08 0.3331801 
NC MS 0.66571 0.6666667 0.99977 0 0 0.4431698 0.9995401 0.44424 0.6289833 
NH MS 0.95596 0.9555729 0.99977 1 0 0.001939522 5.29e-08 0.001993345 0.001310973 
NM MS 0.99019 0.9895483 0.99977 1 0 9.62361e-05 5.29e-08 0.0001140468 7.011192e-05 
NV MS 0.65003 0.6505541 0.99977 1 0 0.122479 5.29e-08 0.122217 0.08156536 
OH MS 0.2804 0.2824952 0.99977 0 0 0.07862416 0.9995401 0.07976683 0.385977 
PA MS 0.94249 0.9419507 0.99977 0 0 0.8882874 0.9995401 0.886863 0.9248968 
SC MS 0.0122 0.01244199 0.99977 0 0 0.00014884 0.9995401 0.0001547319 0.3332812 
TX MS 0.00033 0.0003900624 0.99977 0 0 1.089e-07 0.9995401 1.520787e-07 0.3331801 
VA MS 0.9904 0.9898584 0.99977 1 0 9.216e-05 5.29e-08 0.0001075222 6.657836e-05 
WI MS 0.97138 0.9710954 0.99977 0 0 0.9435791 0.9995401 0.9425925 0.9619039 
AZ NC 0.09799 0.009752847 0.33279 0 0 0.00960204 0.1107492 1.053424e-05 0.04012059 
CO NC 0.95632 0.8841168 0.33279 1 0 0.001907942 0.4451692 0.498118 0.3150651 
FL NC 0.71787 0.4399079 0.33279 0 0 0.5153373 0.1107492 0.02143207 0.2158395 
GA NC 0.0591 0.002786528 0.33279 0 0 0.00349281 0.1107492 8.599383e-07 0.03808095 
IA NC 0.04295 0.002301914 0.33279 0 0 0.001844703 0.1107492 5.868388e-07 0.03753149 
ME NC 0.99584 0.9872486 0.33279 1 0 1.73056e-05 0.4451692 0.4508499 0.2986788 
MI NC 0.92305 0.8076387 0.33279 0 0 0.8520213 0.1107492 0.07223951 0.3450033 
MN NC 0.99415 0.9852193 0.33279 1 0 3.42225e-05 0.4451692 0.4517572 0.2989869 
MO NC 0.00023 0 0.33279 0 0 5.29e-08 0.1107492 0 0.03691641 
MS NC 0.00012 0 0.33279 0 0 1.44e-08 0.1107492 0 0.0369164 
NH NC 0.95632 0.8840259 0.33279 1 0 0.001907942 0.4451692 0.4981607 0.3150793 
NM NC 0.98976 0.9706506 0.33279 1 0 0.0001048576 0.4451692 0.4582981 0.3011907 
NV NC 0.65186 0.3599467 0.33279 1 0 0.1212015 0.4451692 0.7747755 0.4470487 
OH NC 0.28218 0.06290889 0.33279 0 0 0.07962555 0.1107492 0.0004382931 0.06360434 
PA NC 0.94416 0.8520414 0.33279 0 0 0.8914381 0.1107492 0.0804011 0.3608628 
SC NC 0.01209 0.0003331718 0.33279 0 0 0.0001461681 0.1107492 1.229354e-08 0.03696512 
TX NC 0.00033 0 0.33279 0 0 1.089e-07 0.1107492 0 0.03691643 
VA NC 0.99015 0.9711352 0.33279 1 0 9.70225e-05 0.4451692 0.4580798 0.3011153 
WI NC 0.97187 0.9224013 0.33279 0 0 0.9445313 0.1107492 0.09422807 0.3831695 
AZ NH 0.10008 0.001136622 0.04428 0 1 0.01001601 0.9134007 2.533071e-09 0.3078056 
CO NH 0.9567 0.7053876 0.04428 1 1 0.00187489 0.9134007 0.0009755979 0.3054171 
FL NH 0.71989 0.2020914 0.04428 0 1 0.5182416 0.9134007 8.007756e-05 0.4772408 
GA NH 0.05832 0.0002273244 0.04428 0 1 0.003401222 0.9134007 1.013228e-10 0.3056006 
IA NH 0.04387 0 0.04428 0 1 0.001924577 0.9134007 0 0.3051084 
ME NH 0.99541 0.9529439 0.04428 1 1 2.10681e-05 0.9134007 0.001780532 0.3050674 
MI NH 0.92195 0.5739941 0.04428 0 1 0.8499918 0.9134007 0.0006459964 0.5880128 
MN NH 0.99488 0.9381678 0.04428 1 1 2.62144e-05 0.9134007 0.001725743 0.3050509 
MO NH 0.00026 0 0.04428 0 1 6.76e-08 0.9134007 0 0.3044669 
MS NH 0.00026 0 0.04428 0 1 6.76e-08 0.9134007 0 0.3044669 
NC NH 0.66943 0.1309388 0.04428 0 1 0.4481365 0.9134007 3.361648e-05 0.453857 
NM NH 0.99034 0.9015685 0.04428 1 1 9.33156e-05 0.9134007 0.001593723 0.3050293 
NV NH 0.65428 0.1288929 0.04428 1 1 0.1195223 0.9134007 3.257417e-05 0.3443185 
OH NH 0.28483 0.0093203 0.04428 0 1 0.08112813 0.9134007 1.703237e-07 0.3315097 
PA NH 0.94232 0.6303705 0.04428 0 1 0.887967 0.9134007 0.0007791248 0.6007156 
SC NH 0.0121 0.0002273244 0.04428 0 1 0.00014641 0.9134007 1.013228e-10 0.3045157 
TX NH 4e-04 0 0.04428 0 1 1.6e-07 0.9134007 0 0.304467 
VA NH 0.99071 0.8904296 0.04428 1 1 8.63041e-05 0.9134007 0.001554585 0.3050139 
WI NH 0.97103 0.7751762 0.04428 0 1 0.9428993 0.9134007 0.001178192 0.6191594 
AZ NM 0.09975 0 0.00974 0 1 0.009950063 0.9806149 0 0.3301883 
CO NM 0.95685 0.5959693 0.00974 1 1 0.001861923 0.9806149 3.369502e-05 0.3275035 
FL NM 0.72266 0.1199616 0.00974 0 1 0.5222375 0.9806149 1.36522e-06 0.5009512 
GA NM 0.05667 0 0.00974 0 1 0.003211489 0.9806149 0 0.3279421 
IA NM 0.04295 0 0.00974 0 1 0.001844703 0.9806149 0 0.3274865 
ME NM 0.99565 0.9213052 0.00974 1 1 1.89225e-05 0.9806149 8.052393e-05 0.3269048 
MI NM 0.92288 0.4213052 0.00974 0 1 0.8517075 0.9806149 1.683881e-05 0.6107797 
MN NM 0.99487 0.8973129 0.00974 1 1 2.63169e-05 0.9806149 7.638458e-05 0.3269059 
MO NM 0.00022 0 0.00974 0 1 4.84e-08 0.9806149 0 0.3268716 
MS NM 1e-04 0 0.00974 0 1 1e-08 0.9806149 0 0.3268716 
NC NM 0.66843 0.08349328 0.00974 0 1 0.4467987 0.9806149 6.613342e-07 0.4758047 
NH NM 0.95604 0.5911708 0.00974 1 1 0.001932482 0.9806149 3.315461e-05 0.3275268 
NV NM 0.65265 0.07773512 0.00974 1 1 0.120652 0.9806149 5.732612e-07 0.3670892 
OH NM 0.28417 0.002879079 0.00974 0 1 0.08075259 0.9806149 7.863665e-10 0.3537892 
PA NM 0.94346 0.4856046 0.00974 0 1 0.8901168 0.9806149 2.23709e-05 0.6235847 
SC NM 0.01187 0 0.00974 0 1 0.0001408969 0.9806149 0 0.3269186 
TX NM 0.00035 0 0.00974 0 1 1.225e-07 0.9806149 0 0.3268717 
VA NM 0.99085 0.8080614 0.00974 1 1 8.37225e-05 0.9806149 6.194506e-05 0.3269202 
WI NM 0.9715 0.6794626 0.00974 0 1 0.9438123 0.9806149 4.379747e-05 0.6414903 
AZ NV 0.10154 0.009801674 0.34764 0 1 0.01031037 0.4255736 1.161074e-05 0.1452985 
CO NV 0.95583 0.888943 0.34764 1 1 0.001950989 0.4255736 0.09550087 0.1743418 
FL NV 0.71807 0.4699071 0.34764 0 1 0.5156245 0.4255736 0.02668601 0.322628 
GA NV 0.05705 0.005158776 0.34764 0 1 0.003254702 0.4255736 3.216272e-06 0.1429438 
IA NV 0.0429 0.003467844 0.34764 0 1 0.00184041 0.4255736 1.453378e-06 0.1424718 
ME NV 0.99548 0.9872464 0.34764 1 1 2.04304e-05 0.4255736 0.1177906 0.1811282 
MI NV 0.91982 0.8182678 0.34764 0 1 0.8460688 0.4255736 0.08091898 0.4508538 
MN NV 0.99448 0.9855554 0.34764 1 1 3.04704e-05 0.4255736 0.1173874 0.1809972 
MO NV 0.00027 0 0.34764 0 1 7.29e-08 0.4255736 0 0.1418579 
MS NV 0.00014 2.865986e-05 0.34764 0 1 1.96e-08 0.4255736 9.926765e-11 0.1418579 
NC NV 0.66346 0.3912072 0.34764 0 1 0.4401792 0.4255736 0.0184958 0.2947495 
NH NV 0.95609 0.8887711 0.34764 1 1 0.001928088 0.4255736 0.09546393 0.1743219 
NM NV 0.98979 0.9730024 0.34764 1 1 0.0001042441 0.4255736 0.1144161 0.1800313 
OH NV 0.28067 0.0717643 0.34764 0 1 0.07877565 0.4255736 0.0006224098 0.1683239 
PA NV 0.94122 0.8581623 0.34764 0 1 0.8858951 0.4255736 0.08900172 0.4668235 
SC NV 0.0119 0.0003152585 0.34764 0 1 0.00014161 0.4255736 1.201139e-08 0.1419051 
TX NV 0.00024 0 0.34764 0 1 5.76e-08 0.4255736 0 0.1418579 
VA NV 0.99045 0.9722859 0.34764 1 1 9.12025e-05 0.4255736 0.1142477 0.1799708 
WI NV 0.97093 0.9270033 0.34764 0 1 0.9427051 0.4255736 0.1038537 0.4907108 
AZ OH 0.10038 0.0368752 0.71726 0 0 0.01007614 0.5144619 0.0006995553 0.1750792 
CO OH 0.95646 0.9400445 0.71726 1 0 0.001895732 0.07994191 0.1061089 0.06264886 
FL OH 0.7211 0.6288391 0.71726 0 0 0.5199852 0.5144619 0.2034381 0.4126284 
GA OH 0.05788 0.01701609 0.71726 0 0 0.003350094 0.5144619 0.0001489611 0.1726537 
IA OH 0.04334 0.01039172 0.71726 0 0 0.001878356 0.5144619 5.555564e-05 0.1721319 
ME OH 0.99588 0.9939918 0.71726 1 0 1.69744e-05 0.07994191 0.08239736 0.05411875 
MI OH 0.92273 0.8913911 0.71726 0 0 0.8514307 0.5144619 0.4087802 0.5915576 
MN OH 0.99472 0.9923393 0.71726 1 0 2.78784e-05 0.07994191 0.08307927 0.05434968 
MO OH 0.00024 1.400501e-05 0.71726 0 0 5.76e-08 0.5144619 1.009068e-10 0.1714873 
MS OH 0.00015 0 0.71726 0 0 2.25e-08 0.5144619 0 0.1714873 
NC OH 0.66728 0.5644301 0.71726 0 0 0.4452626 0.5144619 0.1638979 0.3745408 
NH OH 0.95618 0.938532 0.71726 1 0 0.001920192 0.07994191 0.1068169 0.062893 
NM OH 0.98981 0.9863871 0.71726 1 0 0.0001038361 0.07994191 0.08555857 0.05520144 
NV OH 0.65258 0.5486044 0.71726 1 0 0.1207007 0.07994191 0.367852 0.1894982 
PA OH 0.94216 0.921768 0.71726 0 0 0.8876655 0.5144619 0.4371158 0.613081 
SC OH 0.0124 0.002198787 0.71726 0 0 0.00015376 0.5144619 2.487251e-06 0.1715394 
TX OH 0.00039 1.400501e-05 0.71726 0 0 1.521e-07 0.5144619 1.009068e-10 0.1714874 
VA OH 0.99045 0.9864431 0.71726 1 0 9.12025e-05 0.07994191 0.08553507 0.05518939 
WI OH 0.97128 0.9606179 0.71726 0 0 0.9433848 0.5144619 0.4747386 0.6441951 
AZ PA 0.10146 0.001386001 0.05958 0 0 0.01029413 0.003549776 6.81912e-09 0.004614638 
CO PA 0.95587 0.6988912 0.05958 1 0 0.001947457 0.8843898 0.918454 0.6015971 
FL PA 0.71579 0.1869369 0.05958 0 0 0.5123553 0.003549776 0.0001240484 0.1720097 
GA PA 0.05756 0.0003465003 0.05958 0 0 0.003313154 0.003549776 4.26195e-10 0.002287643 
IA PA 0.04289 0.0001732502 0.05958 0 0 0.001839552 0.003549776 1.065487e-10 0.001796443 
ME PA 0.99562 0.9594595 0.05958 1 0 1.91844e-05 0.8843898 0.8889386 0.5911159 
MI PA 0.92086 0.5840263 0.05958 0 0 0.8479831 0.003549776 0.001210782 0.2842479 
MN PA 0.99469 0.9511435 0.05958 1 0 2.81961e-05 0.8843898 0.8898731 0.5914304 
MO PA 0.00035 0 0.05958 0 0 1.225e-07 0.003549776 0 0.0011833 
MS PA 0.00018 0 0.05958 0 0 3.24e-08 0.003549776 0 0.00118327 
NC PA 0.6655 0.1457034 0.05958 0 0 0.4428902 0.003549776 7.535991e-05 0.1488385 
NH PA 0.95473 0.7163895 0.05958 1 0 0.002049373 0.8843898 0.9164568 0.6009653 
NM PA 0.98961 0.9107762 0.05958 1 0 0.0001079521 0.8843898 0.8944165 0.5929714 
NV PA 0.65056 0.1420651 0.05958 1 0 0.1221083 0.8843898 0.9831432 0.6632138 
OH PA 0.28455 0.00952876 0.05958 0 0 0.0809687 0.003549776 3.2231e-07 0.02817293 
SC PA 0.01212 0 0.05958 0 0 0.0001468944 0.003549776 0 0.001232224 
TX PA 0.00051 0 0.05958 0 0 2.601e-07 0.003549776 0 0.001183345 
VA PA 0.99005 0.9017672 0.05958 1 0 9.90025e-05 0.8843898 0.895432 0.5933069 
WI PA 0.97057 0.7855163 0.05958 0 0 0.9420061 0.003549776 0.002190339 0.3159154 
AZ SC 0.09893 0.09300607 0.98791 0 0 0.009787145 0.9759662 0.008442232 0.3313985 
CO SC 0.95671 0.9542615 0.98791 1 0 0.001874024 0.0001461681 0.003280489 0.001766894 
FL SC 0.72023 0.7151696 0.98791 0 0 0.5187313 0.9759662 0.499175 0.6646241 
GA SC 0.05732 0.05197606 0.98791 0 0 0.003285582 0.9759662 0.002636583 0.3272961 
IA SC 0.04299 0.03842766 0.98791 0 0 0.00184814 0.9759662 0.001441194 0.3264185 
ME SC 0.99568 0.9956256 0.98791 1 0 1.86624e-05 0.0001461681 0.0002693369 0.0001447225 
MI SC 0.92076 0.920036 0.98791 0 0 0.847799 0.9759662 0.8261225 0.8832959 
MN SC 0.99458 0.9948561 0.98791 1 0 2.93764e-05 0.0001461681 0.000294869 0.0001568045 
MO SC 0.00023 0.0001923914 0.98791 0 0 5.29e-08 0.9759662 3.612486e-08 0.3253221 
MS SC 0.00015 0.0001113845 0.98791 0 0 2.25e-08 0.9759662 1.210833e-08 0.3253221 
NC SC 0.6661 0.6647022 0.98791 0 0 0.4436892 0.9759662 0.4312102 0.6169552 
NH SC 0.9558 0.9553247 0.98791 1 0 0.00195364 0.0001461681 0.003161272 0.001753693 
NM SC 0.98957 0.9900361 0.98791 1 0 0.0001087849 0.0001461681 0.0004810735 0.0002453422 
NV SC 0.65081 0.6471035 0.98791 1 0 0.1219337 0.0001461681 0.1301189 0.08406624 
OH SC 0.28341 0.2753628 0.98791 0 0 0.08032123 0.9759662 0.07400229 0.3767632 
PA SC 0.9429 0.9409966 0.98791 0 0 0.8890604 0.9759662 0.8641932 0.9097399 
TX SC 0.00027 0.0002025173 0.98791 0 0 7.29e-08 0.9759662 4.002755e-08 0.3253221 
VA SC 0.99058 0.9902083 0.98791 1 0 8.87364e-05 0.0001461681 0.0004736425 0.0002361823 
WI SC 0.9716 0.970878 0.98791 0 0 0.9440066 0.9759662 0.9199497 0.9466408 
AZ TX 0.0989 0.1003911 0.99981 0 0 0.00978121 0.99962 0.01007454 0.3398253 
CO TX 0.95551 0.9560308 0.99981 1 0 0.00197936 3.61e-08 0.0019493 0.001309565 
FL TX 0.71893 0.7181908 0.99981 0 0 0.5168603 0.99962 0.5156021 0.6773608 
GA TX 0.05575 0.05558167 0.99981 0 0 0.003108063 0.99962 0.003088148 0.3352721 
IA TX 0.04229 0.04201882 0.99981 0 0 0.001788444 0.99962 0.001764911 0.3343911 
ME TX 0.99558 0.9956391 0.99981 1 0 1.95364e-05 3.61e-08 2.070329e-05 1.342526e-05 
MI TX 0.92043 0.9215435 0.99981 0 0 0.8471914 0.99962 0.8489198 0.8985771 
MN TX 0.99431 0.9944888 0.99981 1 0 3.23761e-05 3.61e-08 3.249126e-05 2.163449e-05 
MO TX 0.00033 0.0001900399 0.99981 0 0 1.089e-07 0.99962 3.610144e-08 0.3332067 
MS TX 0.00015 0.0002200462 0.99981 0 0 2.25e-08 0.99962 4.840194e-08 0.3332067 
NC TX 0.66517 0.6669501 0.99981 0 0 0.4424511 0.99962 0.4446534 0.6289082 
NH TX 0.95521 0.9546505 0.99981 1 0 0.002006144 3.61e-08 0.002073063 0.001359748 
NM TX 0.98987 0.9898479 0.99981 1 0 0.0001026169 3.61e-08 0.0001069198 6.98576e-05 
NV TX 0.65009 0.6498665 0.99981 1 0 0.122437 3.61e-08 0.12268 0.08170567 
OH TX 0.2819 0.2817392 0.99981 0 0 0.07946761 0.99962 0.0793468 0.3861448 
PA TX 0.9419 0.9415277 0.99981 0 0 0.8871756 0.99962 0.8861376 0.9243111 
SC TX 0.01215 0.01197251 0.99981 0 0 0.0001476225 0.99962 0.0001432866 0.3333036 
VA TX 0.99044 0.9898879 0.99981 1 0 9.13936e-05 3.61e-08 0.0001060942 6.584129e-05 
WI TX 0.97084 0.9706938 0.99981 0 0 0.9425303 0.99962 0.9418885 0.9613463 
AZ VA 0.09986 0 0.00958 0 1 0.00997202 0.9809318 0 0.3303013 
CO VA 0.95654 0.4842834 0.00958 1 1 0.001888772 0.9809318 2.152436e-05 0.327614 
FL VA 0.71862 0.07671817 0.00958 0 1 0.5164147 0.9809318 5.401663e-07 0.4991157 
GA VA 0.05792 0 0.00958 0 1 0.003354726 0.9809318 0 0.3280955 
IA VA 0.04244 0 0.00958 0 1 0.001801154 0.9809318 0 0.3275776 
ME VA 0.99608 0.8993074 0.00958 1 1 1.53664e-05 0.9809318 7.422451e-05 0.3270071 
MI VA 0.92005 0.3825253 0.00958 0 1 0.846492 0.9809318 1.342924e-05 0.6091457 
MN VA 0.99471 0.8609483 0.00958 1 1 2.79841e-05 0.9809318 6.802761e-05 0.3270093 
MO VA 0.00025 0 0.00958 0 1 6.25e-08 0.9809318 0 0.3269773 
MS VA 1e-04 0 0.00958 0 1 1e-08 0.9809318 0 0.3269773 
NC VA 0.66702 0.05753863 0.00958 0 1 0.4449157 0.9809318 3.038435e-07 0.4752826 
NH VA 0.95611 0.5061268 0.00958 1 1 0.001926332 0.9809318 2.350984e-05 0.3276272 
NM VA 0.98955 0.8066063 0.00958 1 1 0.0001092025 0.9809318 5.971098e-05 0.3270336 
NV VA 0.65283 0.05700586 0.00958 1 1 0.120527 0.9809318 2.982428e-07 0.367153 
OH VA 0.28375 0.00213106 0.00958 0 1 0.08051406 0.9809318 4.16795e-10 0.3538153 
PA VA 0.94189 0.4027704 0.00958 0 1 0.8871568 0.9809318 1.488833e-05 0.6227011 
SC VA 0.01221 0 0.00958 0 1 0.0001490841 0.9809318 0 0.327027 
TX VA 0.00037 0 0.00958 0 1 1.369e-07 0.9809318 0 0.3269773 
WI VA 0.97108 0.6062866 0.00958 0 1 0.9429964 0.9809318 3.373549e-05 0.6413206 
AZ WI 0.10048 0.0003448276 0.02833 0 0 0.01009623 0.0008025889 9.543269e-11 0.00363294 
CO WI 0.95564 0.6589655 0.02833 1 0 0.00196781 0.9441426 0.9630115 0.636374 
FL WI 0.71971 0.147931 0.02833 0 0 0.5179825 0.0008025889 1.756353e-05 0.1729342 
GA WI 0.05749 0 0.02833 0 0 0.0033051 0.0008025889 0 0.00136923 
IA WI 0.04346 0 0.02833 0 0 0.001888772 0.0008025889 0 0.0008971202 
ME WI 0.99573 0.9451724 0.02833 1 0 1.82329e-05 0.9441426 0.9471635 0.6304414 
MI WI 0.92146 0.5151724 0.02833 0 0 0.8490885 0.0008025889 0.0002130092 0.283368 
MN WI 0.9948 0.9334483 0.02833 1 0 2.704e-05 0.9441426 0.9478101 0.6306599 
MO WI 0.00037 0 0.02833 0 0 1.369e-07 0.0008025889 0 0.0002675753 
MS WI 0.00019 0 0.02833 0 0 3.61e-08 0.0008025889 0 0.0002675417 
NC WI 0.66767 0.1096552 0.02833 0 0 0.4457832 0.0008025889 9.650535e-06 0.1488652 
NH WI 0.95484 0.6572414 0.02833 1 0 0.002039426 0.9441426 0.9631074 0.6364298 
NM WI 0.99006 0.8944828 0.02833 1 0 9.88036e-05 0.9441426 0.9499608 0.6314007 
NV WI 0.65243 0.1106897 0.02833 1 0 0.1208049 0.9441426 0.9937382 0.6862286 
OH WI 0.28531 0.006206897 0.02833 0 0 0.0814018 0.0008025889 3.092019e-08 0.02740147 
PA WI 0.94183 0.5727586 0.02833 0 0 0.8870437 0.0008025889 0.0002632912 0.2960365 
SC WI 0.01228 0 0.02833 0 0 0.0001507984 0.0008025889 0 0.0003177958 
TX WI 0.00038 0 0.02833 0 0 1.444e-07 0.0008025889 0 0.0002675778 
VA WI 0.99018 0.877931 0.02833 1 0 9.64324e-05 0.9441426 0.950875 0.6317047 
The average brier score with the third way of testing it is(CT) 0.3169946