State1: State2: Win Prob(State1): Conditional Prob(State1): Win Prob(State2): Outcome1: Outcome2: Brier Score(State1): Brier Score(State2): Brier Score(Conditional): Brier Score(Average)
CO AZ 0.04373 0.04911552 0.9002 1 0 0.9144523 0.81036 0.001954859 0.5755891 
FL AZ 0.28044 0.3090958 0.9002 0 0 0.5177666 0.00996004 0.520926 0.3495509 
GA AZ 0.94428 0.9660977 0.9002 0 0 0.003104718 0.00996004 0.01698299 0.01001592 
IA AZ 0.95733 0.9757032 0.9002 0 0 0.001820729 0.00996004 0.01480407 0.008861613 
ME AZ 0.0041 0.004475142 0.9002 1 0 0.9918168 0.81036 1.6229e-05 0.600731 
MI AZ 0.08027 0.08709316 0.9002 0 0 0.8459033 0.00996004 0.8493442 0.5684025 
MN AZ 0.00571 0.006251874 0.9002 1 0 0.9886126 0.81036 3.167367e-05 0.5996681 
MO AZ 0.9998 0.9999556 0.9002 0 0 4e-08 0.00996004 0.009968023 0.006642701 
MS AZ 0.99987 0.9999556 0.9002 0 0 1.69e-08 0.00996004 0.009968023 0.006642693 
NC AZ 0.33408 0.3674281 0.9002 0 0 0.4434494 0.00996004 0.4478839 0.3004311 
NH AZ 0.04465 0.05040365 0.9002 1 0 0.9126936 0.81036 0.002058742 0.5750375 
NM AZ 0.00996 0.0111823 0.9002 1 0 0.9801792 0.81036 0.0001013306 0.5968802 
NV AZ 0.34953 0.3821972 0.9002 1 0 0.4231112 0.81036 0.1183731 0.4506148 
OH AZ 0.71911 0.7673037 0.9002 0 0 0.07889919 0.00996004 0.09564992 0.06150305 
PA AZ 0.05741 0.06389571 0.9002 0 0 0.8884759 0.00996004 0.8882706 0.5955688 
SC AZ 0.9878 0.9950918 0.9002 0 0 0.00014884 0.00996004 0.01086147 0.006990117 
TX AZ 0.99966 0.9999889 0.9002 0 0 1.156e-07 0.00996004 0.009962035 0.00664073 
VA AZ 0.01001 0.01006074 0.9002 1 0 0.9800802 0.81036 8.202345e-05 0.5968408 
WI AZ 0.02948 0.03211442 0.9002 0 0 0.9419091 0.00996004 0.9430169 0.6316287 
ME2 AZ 0.24924 0.2687417 0.9002 0 0 0.5636406 0.00996004 0.5746833 0.3827613 
NE2 AZ 0.92289 0.9439663 0.9002 0 0 0.005945952 0.00996004 0.02257251 0.01282617 
AZ CO 0.90213 0.9997731 0.0451 0 1 0.8138385 0.911834 0.002033087 0.5759019 
FL CO 0.28183 0.8235027 0.0451 0 1 0.07942815 0.911834 0.001379378 0.3308805 
GA CO 0.94362 0.9997731 0.0451 0 1 0.8904187 0.911834 0.002033087 0.6014286 
IA CO 0.95737 1 0.0451 0 1 0.9165573 0.911834 0.00203401 0.6101418 
ME CO 0.0044 0.04832123 0.0451 1 1 0.9912194 0.911834 4.749295e-06 0.6343527 
MI CO 0.07936 0.4534936 0.0451 0 1 0.00629801 0.911834 0.0004183074 0.3061834 
MN CO 0.00547 0.05807623 0.0451 1 1 0.9890899 0.911834 6.860406e-06 0.6336436 
MO CO 0.99973 1 0.0451 0 1 0.9994601 0.911834 0.00203401 0.637776 
MS CO 0.99987 1 0.0451 0 1 0.99974 0.911834 0.00203401 0.6378693 
NC CO 0.3354 0.8738657 0.0451 0 1 0.1124932 0.911834 0.001553254 0.3419601 
NH CO 0.04364 0.3114791 0.0451 1 1 0.9146244 0.911834 0.0001973381 0.6088853 
NM CO 0.01003 0.09868421 0.0451 1 1 0.9800406 0.911834 1.980836e-05 0.6306315 
NV CO 0.35072 0.8829401 0.0451 1 1 0.4215645 0.911834 0.00158568 0.4449947 
OH CO 0.71954 0.9936479 0.0451 0 1 0.5177378 0.911834 0.002008252 0.4771934 
PA CO 0.05811 0.378176 0.0451 0 1 0.003376772 0.911834 0.0002908983 0.3051672 
SC CO 0.98759 1 0.0451 0 1 0.975334 0.911834 0.00203401 0.629734 
TX CO 0.99978 1 0.0451 0 1 0.99956 0.911834 0.00203401 0.6378094 
VA CO 0.00962 0.115245 0.0451 1 1 0.9808525 0.911834 2.701453e-05 0.6309045 
WI CO 0.02926 0.2293557 0.0451 0 1 0.0008561476 0.911834 0.0001069972 0.3042657 
ME2 CO 0.24863 0.7039474 0.0451 0 1 0.06181688 0.911834 0.001007937 0.3248863 
NE2 CO 0.92405 0.9972777 0.0451 0 1 0.8538684 0.911834 0.002022951 0.5892418 
AZ FL 0.89927 0.9928442 0.28086 0 0 0.01014653 0.5171623 0.520057 0.349122 
CO FL 0.04295 0.1293745 0.28086 1 0 0.9159447 0.07888234 0.001320314 0.3320491 
GA FL 0.94184 0.9975435 0.28086 0 0 0.003382586 0.5171623 0.5181551 0.3462333 
IA FL 0.95806 0.9987184 0.28086 0 0 0.001758964 0.5171623 0.5176802 0.3455338 
ME FL 0.00454 0.01406244 0.28086 1 0 0.9909406 0.07888234 1.559917e-05 0.3566129 
MI FL 0.07873 0.2135355 0.28086 0 0 0.8487384 0.5171623 0.8836496 0.7498501 
MN FL 0.00549 0.01733775 0.28086 1 0 0.9890501 0.07888234 2.371183e-05 0.3559854 
MO FL 0.99973 1 0.28086 0 0 7.29e-08 0.5171623 0.5171623 0.3447749 
MS FL 0.99984 1 0.28086 0 0 2.56e-08 0.5171623 0.5171623 0.3447749 
NC FL 0.33226 0.6689095 0.28086 0 0 0.4458767 0.5171623 0.6595552 0.5408648 
NH FL 0.04471 0.125494 0.28086 1 0 0.912579 0.07888234 0.001242297 0.3309012 
NM FL 0.01018 0.03068817 0.28086 1 0 0.9797436 0.07888234 7.428853e-05 0.3529001 
NV FL 0.34836 0.6547403 0.28086 1 0 0.4246347 0.07888234 0.03381566 0.1791109 
OH FL 0.71745 0.9495176 0.28086 0 0 0.0798345 0.5171623 0.537756 0.3782509 
PA FL 0.05818 0.164584 0.28086 0 0 0.8870249 0.5171623 0.9096866 0.7712913 
SC FL 0.98768 0.9995728 0.28086 0 0 0.0001517824 0.5171623 0.5173349 0.344883 
TX FL 0.99962 1 0.28086 0 0 1.444e-07 0.5171623 0.5171623 0.3447749 
VA FL 0.00914 0.03047456 0.28086 1 0 0.9818035 0.07888234 7.325795e-05 0.3535864 
WI FL 0.02913 0.08729396 0.28086 0 0 0.9425886 0.5171623 0.9515663 0.8037724 
ME2 FL 0.24557 0.4783011 0.28086 0 0 0.5691646 0.5171623 0.7493748 0.6119006 
NE2 FL 0.9236 0.9889281 0.28086 0 0 0.00583696 0.5171623 0.5216446 0.3482146 
AZ GA 0.8978 0.9216637 0.94054 0 0 0.01044484 0.003535492 0.01772585 0.01056873 
CO GA 0.04423 0.04700179 0.94054 1 0 0.9134963 0.8846155 0.001954265 0.600022 
FL GA 0.27905 0.2935093 0.94054 0 0 0.5197689 0.003535492 0.5240932 0.3491325 
IA GA 0.95648 0.9707021 0.94054 0 0 0.00189399 0.003535492 0.007571756 0.004333746 
ME GA 0.00435 0.004020239 0.94054 1 0 0.9913189 0.8846155 1.429744e-05 0.6253162 
MI GA 0.07947 0.08370371 0.94054 0 0 0.8473755 0.003535492 0.8487445 0.5665518 
MN GA 0.00508 0.005887158 0.94054 1 0 0.9898658 0.8846155 3.065956e-05 0.6248373 
MO GA 0.99968 0.9999788 0.94054 0 0 1.024e-07 0.003535492 0.003537865 0.00235782 
MS GA 0.99977 0.9999682 0.94054 0 0 5.29e-08 0.003535492 0.003539052 0.002358199 
NC GA 0.3323 0.3490925 0.94054 0 0 0.4458233 0.003535492 0.4511332 0.300164 
NH GA 0.04412 0.04694876 0.94054 1 0 0.9137066 0.8846155 0.001949857 0.6000906 
NM GA 0.00995 0.01027866 0.94054 1 0 0.980199 0.8846155 9.346036e-05 0.621636 
NV GA 0.3488 0.3674011 0.94054 1 0 0.4240614 0.8846155 0.1194085 0.4760285 
OH GA 0.71445 0.7492389 0.94054 0 0 0.0815388 0.003535492 0.08720849 0.05742759 
PA GA 0.05808 0.060887 0.94054 0 0 0.8872133 0.003535492 0.8887462 0.593165 
SC GA 0.98735 0.9932112 0.94054 0 0 0.0001600225 0.003535492 0.004335581 0.002677032 
TX GA 0.99959 0.9999576 0.94054 0 0 1.681e-07 0.003535492 0.003540239 0.002358633 
VA GA 0.01007 0.01039534 0.94054 1 0 0.9799614 0.8846155 9.559431e-05 0.6215575 
WI GA 0.02846 0.03035864 0.94054 0 0 0.94389 0.003535492 0.9437083 0.6303779 
ME2 GA 0.24571 0.2624824 0.94054 0 0 0.5689534 0.003535492 0.567197 0.3798953 
NE2 GA 0.92341 0.9386887 0.94054 0 0 0.005866028 0.003535492 0.01371844 0.007706652 
AZ IA 0.90015 0.9178592 0.95744 0 0 0.009970022 0.001811354 0.01469063 0.008824001 
CO IA 0.0447 0.04532483 0.95744 1 0 0.9125981 0.9166914 0.001883196 0.6103909 
FL IA 0.27963 0.2899911 0.95744 0 0 0.5189329 0.001811354 0.5217908 0.3475117 
GA IA 0.94233 0.9558982 0.95744 0 0 0.003325829 0.001811354 0.007188469 0.004108551 
ME IA 0.00476 0.004202164 0.95744 1 0 0.9905027 0.9166914 1.61871e-05 0.6357367 
MI IA 0.08012 0.08146135 0.95744 0 0 0.8461792 0.001811354 0.8500944 0.5660283 
MN IA 0.00546 0.005759682 0.95744 1 0 0.9891098 0.9166914 3.041026e-05 0.6352772 
MO IA 0.99973 0.9999477 0.95744 0 0 7.29e-08 0.001811354 0.001815616 0.001209014 
MS IA 0.99981 0.9999268 0.95744 0 0 3.61e-08 0.001811354 0.001817322 0.001209571 
NC IA 0.33149 0.3442952 0.95744 0 0 0.4469056 0.001811354 0.4493799 0.2993656 
NH IA 0.04465 0.04592066 0.95744 1 0 0.9126936 0.9166914 0.001933034 0.6104393 
NM IA 0.01027 0.01032771 0.95744 1 0 0.9795655 0.9166914 9.777569e-05 0.6321182 
NV IA 0.34966 0.3613547 0.95744 1 0 0.4229421 0.9166914 0.119699 0.4864442 
OH IA 0.71662 0.7408561 0.95744 0 0 0.08030422 0.001811354 0.08449179 0.05553579 
PA IA 0.05905 0.06013694 0.95744 0 0 0.8853869 0.001811354 0.8881602 0.5917861 
SC IA 0.98797 0.9924319 0.95744 0 0 0.0001447209 0.001811354 0.002480636 0.001478903 
TX IA 0.99958 0.999885 0.95744 0 0 1.764e-07 0.001811354 0.001820737 0.001210756 
VA IA 0.01019 0.01055768 0.95744 1 0 0.9797238 0.9166914 0.0001021785 0.6321725 
WI IA 0.0296 0.03013641 0.95744 0 0 0.9416762 0.001811354 0.9431249 0.6288708 
ME2 IA 0.24721 0.2579731 0.95744 0 0 0.5666928 0.001811354 0.5670183 0.3785075 
NE2 IA 0.92317 0.9333089 0.95744 0 0 0.005902849 0.001811354 0.01132366 0.006345954 
AZ ME 0.89954 1 0.00445 0 1 0.8091722 0.9911198 1.98025e-05 0.6001039 
CO ME 0.04364 0.4940828 0.00445 1 1 0.9146244 0.9911198 4.834144e-06 0.6352497 
FL ME 0.28011 0.9171598 0.00445 0 1 0.07846161 0.9911198 1.665751e-05 0.3565327 
GA ME 0.94177 1 0.00445 0 1 0.8869307 0.9911198 1.98025e-05 0.6260234 
IA ME 0.9569 1 0.00445 0 1 0.9156576 0.9911198 1.98025e-05 0.6355991 
MI ME 0.08038 0.6471893 0.00445 0 1 0.006460944 0.9911198 8.294357e-06 0.3325297 
MN ME 0.00546 0.1486686 0.00445 1 1 0.9891098 0.9911198 4.376821e-07 0.6600767 
MO ME 0.99976 1 0.00445 0 1 0.9995201 0.9911198 1.98025e-05 0.6635532 
MS ME 0.9998 1 0.00445 0 1 0.9996 0.9911198 1.98025e-05 0.6635799 
NC ME 0.33125 0.9578402 0.00445 0 1 0.1097266 0.9911198 1.816796e-05 0.3669548 
NH ME 0.04358 0.5177515 0.00445 1 1 0.9147392 0.9911198 5.308389e-06 0.6352881 
NM ME 0.0109 0.193787 0.00445 1 1 0.9783188 0.9911198 7.436511e-07 0.6564798 
NV ME 0.34711 0.9363905 0.00445 1 1 0.4262654 0.9911198 1.736337e-05 0.4724675 
OH ME 0.71557 0.9992604 0.00445 0 1 0.5120404 0.9911198 1.977322e-05 0.50106 
PA ME 0.05741 0.5835799 0.00445 0 1 0.003295908 0.9911198 6.744048e-06 0.3314742 
SC ME 0.98813 1 0.00445 0 1 0.9764009 0.9911198 1.98025e-05 0.6558468 
TX ME 0.9997 1 0.00445 0 1 0.9994001 0.9911198 1.98025e-05 0.6635132 
VA ME 0.00979 0.2485207 0.00445 1 1 0.9805158 0.9911198 1.223053e-06 0.6572123 
WI ME 0.02858 0.4252959 0.00445 0 1 0.0008168164 0.9911198 3.581808e-06 0.3306467 
ME2 ME 0.24888 1 0.00445 0 1 0.06194125 0.9911198 1.98025e-05 0.351027 
NE2 ME 0.9224 1 0.00445 0 1 0.8508218 0.9911198 1.98025e-05 0.6139871 
AZ MI 0.89964 0.9984868 0.07867 0 0 0.01007213 0.848849 0.8490683 0.5693298 
CO MI 0.04331 0.2500631 0.07867 1 0 0.9152558 0.006188969 0.0003870057 0.3072772 
FL MI 0.2816 0.7588903 0.07867 0 0 0.5160986 0.848849 0.8841605 0.7497027 
GA MI 0.9431 0.9993695 0.07867 0 0 0.00323761 0.848849 0.8489404 0.567009 
IA MI 0.9573 0.9997478 0.07867 0 0 0.00182329 0.848849 0.8488855 0.5665193 
ME MI 0.00429 0.03480454 0.07867 1 0 0.9914384 0.006188969 7.497045e-06 0.332545 
MN MI 0.00548 0.04136192 0.07867 1 0 0.98907 0.006188969 1.058814e-05 0.3317565 
MO MI 0.99979 1 0.07867 0 0 4.41e-08 0.848849 0.848849 0.5658993 
MS MI 0.99989 1 0.07867 0 0 1.21e-08 0.848849 0.848849 0.5658993 
NC MI 0.33229 0.8089533 0.07867 0 0 0.4458366 0.848849 0.8767694 0.7238183 
NH MI 0.04517 0.2375788 0.07867 1 0 0.9117003 0.006188969 0.0003493283 0.3060795 
NM MI 0.00996 0.07263556 0.07867 1 0 0.9801792 0.006188969 3.265253e-05 0.3288003 
NV MI 0.34823 0.7964691 0.07867 1 0 0.4248041 0.006188969 0.003926053 0.1449731 
OH MI 0.71587 0.9818411 0.07867 0 0 0.08072986 0.848849 0.8514834 0.5936874 
PA MI 0.05767 0.2935687 0.07867 0 0 0.8879858 0.848849 0.9543433 0.8970594 
SC MI 0.98753 1 0.07867 0 0 0.0001555009 0.848849 0.848849 0.5659511 
TX MI 0.99971 1 0.07867 0 0 8.41e-08 0.848849 0.848849 0.5658993 
VA MI 0.00965 0.07313997 0.07867 1 0 0.9807931 0.006188969 3.310762e-05 0.3290051 
WI MI 0.02902 0.1769231 0.07867 0 0 0.9428022 0.848849 0.9723566 0.9213359 
ME2 MI 0.24894 0.6412358 0.07867 0 0 0.5640911 0.848849 0.9016528 0.771531 
NE2 MI 0.92221 0.9974779 0.07867 0 0 0.006051284 0.848849 0.8492146 0.5680383 
AZ MN 0.89962 0.9991039 0.00529 0 1 0.8093161 0.989448 2.793397e-05 0.5995974 
CO MN 0.04352 0.5107527 0.00529 1 1 0.914854 0.989448 7.300165e-06 0.6347698 
FL MN 0.28054 0.921147 0.00529 0 1 0.07870269 0.989448 2.374484e-05 0.3560581 
GA MN 0.94272 1 0.00529 0 1 0.888721 0.989448 2.79841e-05 0.6260657 
IA MN 0.95673 1 0.00529 0 1 0.9153323 0.989448 2.79841e-05 0.6349361 
ME MN 0.00421 0.1362007 0.00529 1 1 0.9915977 0.989448 5.191228e-07 0.6603487 
MI MN 0.07803 0.6030466 0.00529 0 1 0.006088681 0.989448 1.017684e-05 0.3318489 
MO MN 0.99977 1 0.00529 0 1 0.9995401 0.989448 2.79841e-05 0.6630053 
MS MN 0.99977 1 0.00529 0 1 0.9995401 0.989448 2.79841e-05 0.6630053 
NC MN 0.33169 0.9462366 0.00529 0 1 0.1100183 0.989448 2.505595e-05 0.3664971 
NH MN 0.04448 0.515233 0.00529 1 1 0.9130185 0.989448 7.4288e-06 0.634158 
NM MN 0.00971 0.1917563 0.00529 1 1 0.9806743 0.989448 1.028988e-06 0.6567078 
NV MN 0.3459 0.9310036 0.00529 1 1 0.4278468 0.989448 2.425571e-05 0.4724397 
OH MN 0.71828 0.9982079 0.00529 0 1 0.5159262 0.989448 2.788389e-05 0.5018007 
PA MN 0.05726 0.5842294 0.00529 0 1 0.003278708 0.989448 9.551644e-06 0.3309121 
SC MN 0.98781 1 0.00529 0 1 0.9757686 0.989448 2.79841e-05 0.6550815 
TX MN 0.99966 1 0.00529 0 1 0.9993201 0.989448 2.79841e-05 0.662932 
VA MN 0.00946 0.2365591 0.00529 1 1 0.9811695 0.989448 1.565997e-06 0.656873 
WI MN 0.02891 0.3942652 0.00529 0 1 0.0008357881 0.989448 4.34999e-06 0.330096 
ME2 MN 0.24909 0.8189964 0.00529 0 1 0.06204583 0.989448 1.877048e-05 0.3505042 
NE2 MN 0.92292 0.9991039 0.00529 0 1 0.8517813 0.989448 2.793397e-05 0.6137524 
AZ MO 0.90099 0.899884 0.99964 0 0 0.00980298 1.296e-07 0.01008819 0.006630434 
CO MO 0.04432 0.04275112 0.99964 1 0 0.9133243 0.9992801 0.001826342 0.6381436 
FL MO 0.28064 0.2790826 0.99964 0 0 0.5174788 1.296e-07 0.5198668 0.3457819 
GA MO 0.94187 0.942375 0.99964 0 0 0.003379097 1.296e-07 0.003359853 0.00224636 
IA MO 0.95798 0.9565087 0.99964 0 0 0.00176568 1.296e-07 0.001921564 0.001229125 
ME MO 0.00453 0.003851001 0.99964 1 0 0.9909605 0.9992801 1.481953e-05 0.6634185 
MI MO 0.07836 0.07777022 0.99964 0 0 0.8494203 1.296e-07 0.8505594 0.5666599 
MN MO 0.00553 0.005141337 0.99964 1 0 0.9889706 0.9992801 2.641431e-05 0.662759 
MS MO 0.99983 0.9997899 0.99964 0 0 2.89e-08 1.296e-07 3.248761e-07 1.611254e-07 
NC MO 0.3335 0.3309861 0.99964 0 0 0.4442222 1.296e-07 0.4477391 0.2973205 
NH MO 0.04525 0.04390141 0.99964 1 0 0.9115476 0.9992801 0.001925947 0.6375845 
NM MO 0.00967 0.009492468 0.99964 1 0 0.9807535 0.9992801 9.004208e-05 0.6600412 
NV MO 0.35124 0.3474303 0.99964 1 0 0.4208895 0.9992801 0.1206209 0.5135969 
OH MO 0.71824 0.7164663 0.99964 0 0 0.0793887 1.296e-07 0.0805377 0.05330884 
PA MO 0.05703 0.05720487 0.99964 0 0 0.8891924 1.296e-07 0.8889015 0.592698 
SC MO 0.98789 0.9873067 0.99964 0 0 0.0001466521 1.296e-07 0.0001702694 0.0001056837 
TX MO 0.99967 0.9995499 0.99964 0 0 1.089e-07 1.296e-07 6.560271e-07 2.981757e-07 
VA MO 0.00993 0.009262408 0.99964 1 0 0.9802386 0.9992801 8.573045e-05 0.6598682 
WI MO 0.0289 0.02800728 0.99964 0 0 0.9430352 1.296e-07 0.9447894 0.6292749 
ME2 MO 0.24767 0.2444035 0.99964 0 0 0.5660004 1.296e-07 0.571059 0.3790198 
NE2 MO 0.92475 0.9224598 0.99964 0 0 0.005662563 1.296e-07 0.006064087 0.003908926 
AZ MS 0.90061 0.9014203 0.99978 0 0 0.009878372 4.84e-08 0.009757099 0.006545173 
CO MS 0.04451 0.04479896 0.99978 1 0 0.9129611 0.99956 0.002006064 0.6381758 
FL MS 0.28322 0.2807862 0.99978 0 0 0.5137736 4.84e-08 0.5173574 0.3437103 
GA MS 0.94205 0.9441288 0.99978 0 0 0.003358202 4.84e-08 0.003144841 0.002167697 
IA MS 0.95792 0.9578216 0.99978 0 0 0.001770726 4.84e-08 0.001796841 0.001189205 
ME MS 0.00461 0.004380876 0.99978 1 0 0.9908013 0.99956 1.918363e-05 0.6634602 
MI MS 0.07965 0.07996599 0.99978 0 0 0.8470441 4.84e-08 0.8464949 0.564513 
MN MS 0.0054 0.005421084 0.99978 1 0 0.9892292 0.99956 2.937522e-05 0.6629395 
MO MS 0.99976 0.9995499 0.99978 0 0 5.76e-08 4.84e-08 4.488879e-07 1.849626e-07 
NC MS 0.33489 0.3343869 0.99978 0 0 0.4423713 4.84e-08 0.4431388 0.29517 
NH MS 0.04443 0.04406881 0.99978 1 0 0.913114 0.99956 0.001941206 0.6382051 
NM MS 0.01046 0.01040208 0.99978 1 0 0.9791894 0.99956 0.0001081557 0.6596192 
NV MS 0.34906 0.3489298 0.99978 1 0 0.4237229 0.99956 0.1216984 0.5149938 
OH MS 0.7186 0.7164833 0.99978 0 0 0.07918596 4.84e-08 0.08047113 0.05321904 
PA MS 0.05827 0.05962192 0.99978 0 0 0.8868554 4.84e-08 0.8843356 0.590397 
SC MS 0.98732 0.9882877 0.99978 0 0 0.0001607824 4.84e-08 0.0001423193 0.00010105 
TX MS 0.99968 0.9995599 0.99978 0 0 1.024e-07 4.84e-08 4.355884e-07 1.954628e-07 
VA MS 0.00977 0.009881976 0.99978 1 0 0.9805555 0.99956 9.761049e-05 0.660071 
WI MS 0.02914 0.02839568 0.99978 0 0 0.9425691 4.84e-08 0.9440271 0.6288654 
ME2 MS 0.24879 0.2485997 0.99978 0 0 0.5643165 4.84e-08 0.5646846 0.3763337 
NE2 MS 0.9232 0.9239548 0.99978 0 0 0.00589824 4.84e-08 0.005813831 0.00390404 
AZ NC 0.89957 0.9901634 0.33246 0 0 0.01008618 0.4456097 0.4499864 0.3018941 
CO NC 0.04365 0.1164492 0.33246 1 0 0.9146053 0.1105297 0.001498829 0.3422113 
FL NC 0.28235 0.5633528 0.33246 0 0 0.5150215 0.4456097 0.6604938 0.540375 
GA NC 0.94249 0.9968211 0.33246 0 0 0.0033074 0.4456097 0.4470218 0.2986463 
IA NC 0.95664 0.9982306 0.33246 0 0 0.00188009 0.4456097 0.4463954 0.2979617 
ME NC 0.00422 0.01295547 0.33246 1 0 0.9915778 0.1105297 1.855175e-05 0.3673753 
MI NC 0.07829 0.1903434 0.33246 0 0 0.8495493 0.4456097 0.8774414 0.7242001 
MN NC 0.00559 0.0137052 0.33246 1 0 0.9888512 0.1105297 2.076107e-05 0.3664672 
MO NC 0.99967 1 0.33246 0 0 1.089e-07 0.4456097 0.4456097 0.2970731 
MS NC 0.99985 1 0.33246 0 0 2.25e-08 0.4456097 0.4456097 0.2970731 
NH NC 0.04338 0.1156395 0.33246 1 0 0.9151218 0.1105297 0.001478058 0.3423765 
NM NC 0.00984 0.02866997 0.33246 1 0 0.9804168 0.1105297 9.085172e-05 0.3636791 
NV NC 0.34914 0.6397661 0.33246 1 0 0.4236187 0.1105297 0.04523986 0.1931294 
OH NC 0.71661 0.9348028 0.33246 0 0 0.08030989 0.4456097 0.4750179 0.3336458 
PA NC 0.0585 0.1454791 0.33246 0 0 0.8864222 0.4456097 0.9056073 0.7458797 
SC NC 0.98764 0.9995202 0.33246 0 0 0.0001527696 0.4456097 0.4458227 0.297195 
TX NC 0.9997 1 0.33246 0 0 9e-08 0.4456097 0.4456097 0.2970731 
VA NC 0.00988 0.02881991 0.33246 1 0 0.9803376 0.1105297 9.180453e-05 0.363653 
WI NC 0.02899 0.0774329 0.33246 0 0 0.9428604 0.4456097 0.949176 0.7792154 
ME2 NC 0.24765 0.4560804 0.33246 0 0 0.5660305 0.4456097 0.7197342 0.5771248 
NE2 NC 0.92086 0.9859349 0.33246 0 0 0.00626314 0.4456097 0.4518745 0.3012491 
AZ NH 0.89794 0.9995335 0.0451 0 1 0.8062962 0.911834 0.002032113 0.5733875 
CO NH 0.04342 0.2939118 0.0451 1 1 0.9150453 0.911834 0.0001757062 0.6090183 
FL NH 0.28114 0.8000933 0.0451 0 1 0.0790397 0.911834 0.00130207 0.3307253 
GA NH 0.94212 0.9995335 0.0451 0 1 0.8875901 0.911834 0.002032113 0.6004854 
IA NH 0.9574 0.9995335 0.0451 0 1 0.9166148 0.911834 0.002032113 0.6101603 
ME NH 0.00442 0.04571962 0.0451 1 1 0.9911795 0.911834 4.251657e-06 0.6343393 
MI NH 0.07957 0.4404012 0.0451 0 1 0.006331385 0.911834 0.0003945028 0.3061866 
MN NH 0.00545 0.0585491 0.0451 1 1 0.9891297 0.911834 6.972581e-06 0.6336569 
MO NH 0.99975 1 0.0451 0 1 0.9995001 0.911834 0.00203401 0.6377894 
MS NH 0.99983 1 0.0451 0 1 0.99966 0.911834 0.00203401 0.6378427 
NC NH 0.33205 0.8542104 0.0451 0 1 0.1102572 0.911834 0.001484167 0.3411918 
NM NH 0.01013 0.0942384 0.0451 1 1 0.9798426 0.911834 1.806379e-05 0.6305649 
NV NH 0.34821 0.8707721 0.0451 1 1 0.4248302 0.911834 0.001542276 0.4460688 
OH NH 0.71638 0.9899697 0.0451 0 1 0.5132003 0.911834 0.001993411 0.4756759 
PA NH 0.05753 0.3725216 0.0451 0 1 0.003309701 0.911834 0.0002822643 0.305142 
SC NH 0.98746 1 0.0451 0 1 0.9750773 0.911834 0.00203401 0.6296484 
TX NH 0.99968 1 0.0451 0 1 0.9993601 0.911834 0.00203401 0.6377427 
VA NH 0.00958 0.101003 0.0451 1 1 0.9809318 0.911834 2.075018e-05 0.6309288 
WI NH 0.02823 0.2262655 0.0451 0 1 0.0007969329 0.911834 0.0001041333 0.304245 
ME2 NH 0.24808 0.6946583 0.0451 0 1 0.06154369 0.911834 0.0009815118 0.3247864 
NE2 NH 0.92313 0.9951015 0.0451 0 1 0.852169 0.911834 0.002014131 0.5886724 
AZ NM 0.90021 1 0.01063 0 1 0.810378 0.978853 0.0001129969 0.596448 
CO NM 0.04355 0.4195122 0.01063 1 1 0.9147966 0.978853 1.988638e-05 0.6312232 
FL NM 0.28088 0.9073171 0.01063 0 1 0.07889357 0.978853 9.302179e-05 0.3526132 
GA NM 0.94286 1 0.01063 0 1 0.888985 0.978853 0.0001129969 0.6226503 
IA NM 0.95699 1 0.01063 0 1 0.9158299 0.978853 0.0001129969 0.6315986 
ME NM 0.00439 0.09268293 0.01063 1 1 0.9912393 0.978853 9.706575e-07 0.6566977 
MI NM 0.08018 0.5843902 0.01063 0 1 0.006428832 0.978853 3.858979e-05 0.3284401 
MN NM 0.00526 0.09073171 0.01063 1 1 0.9895077 0.978853 9.302179e-07 0.6561205 
MO NM 0.99973 1 0.01063 0 1 0.9994601 0.978853 0.0001129969 0.6594754 
MS NM 0.99984 1 0.01063 0 1 0.99968 0.978853 0.0001129969 0.6595487 
NC NM 0.33205 0.9219512 0.01063 0 1 0.1102572 0.978853 9.604669e-05 0.3630687 
NH NM 0.04446 0.4156098 0.01063 1 1 0.9130567 0.978853 1.951812e-05 0.6306431 
NV NM 0.34697 0.9385366 0.01063 1 1 0.4264482 0.978853 9.953342e-05 0.4684669 
OH NM 0.71629 0.9931707 0.01063 0 1 0.5130714 0.978853 0.0001114588 0.4973453 
PA NM 0.05748 0.5063415 0.01063 0 1 0.00330395 0.978853 2.897033e-05 0.3273953 
SC NM 0.98799 1 0.01063 0 1 0.9761242 0.978853 0.0001129969 0.6516967 
TX NM 0.99963 1 0.01063 0 1 0.9992601 0.978853 0.0001129969 0.6594087 
VA NM 0.01055 0.1482927 0.01063 1 1 0.9790113 0.978853 2.484883e-06 0.6526223 
WI NM 0.02892 0.302439 0.01063 0 1 0.0008363664 0.978853 1.033575e-05 0.3265666 
ME2 NM 0.24875 0.777561 0.01063 0 1 0.06187656 0.978853 6.831805e-05 0.3469326 
NE2 NM 0.92217 0.9960976 0.01063 0 1 0.8503975 0.978853 0.0001121167 0.6097875 
AZ NV 0.89937 0.9898312 0.34746 0 1 0.8088664 0.4258085 0.1182856 0.4509868 
CO NV 0.0433 0.1108198 0.34746 1 1 0.9152749 0.4258085 0.001482671 0.447522 
FL NV 0.27946 0.5296422 0.34746 0 1 0.07809789 0.4258085 0.03386685 0.1792577 
GA NV 0.94187 0.9944115 0.34746 0 1 0.8871191 0.4258085 0.1193828 0.4774368 
IA NV 0.95695 0.996716 0.34746 0 1 0.9157533 0.4258085 0.1199368 0.4871662 
ME NV 0.00451 0.01160915 0.34746 1 1 0.9910003 0.4258085 1.627086e-05 0.472275 
MI NV 0.07874 0.1797546 0.34746 0 1 0.006199988 0.4258085 0.003900942 0.1453031 
MN NV 0.00528 0.01486432 0.34746 1 1 0.9894679 0.4258085 2.667471e-05 0.4717677 
MO NV 0.99976 1 0.34746 0 1 0.9995201 0.4258085 0.1207285 0.5153523 
MS NV 0.99985 1 0.34746 0 1 0.9997 0.4258085 0.1207285 0.5154123 
NC NV 0.33468 0.6073342 0.34746 0 1 0.1120107 0.4258085 0.04453128 0.1941168 
NH NV 0.04462 0.1112231 0.34746 1 1 0.9127509 0.4258085 0.001493482 0.4466843 
NM NV 0.00959 0.02609898 0.34746 1 1 0.980912 0.4258085 8.2235e-05 0.4689342 
OH NV 0.71443 0.928876 0.34746 0 1 0.5104102 0.4258085 0.1041658 0.3467948 
PA NV 0.05827 0.1427666 0.34746 0 1 0.003395393 0.4258085 0.002460724 0.1438882 
SC NV 0.98793 0.9995967 0.34746 0 1 0.9760057 0.4258085 0.1206311 0.5074817 
TX NV 0.99975 1 0.34746 0 1 0.9995001 0.4258085 0.1207285 0.5153457 
VA NV 0.00963 0.02543642 0.34746 1 1 0.9808327 0.4258085 7.811271e-05 0.4689064 
WI NV 0.02865 0.07314052 0.34746 0 1 0.0008208225 0.4258085 0.0006458412 0.142425 
ME2 NV 0.24834 0.4462177 0.34746 0 1 0.06167276 0.4258085 0.02403827 0.1705065 
NE2 NV 0.92301 0.9855966 0.34746 0 1 0.8519475 0.4258085 0.1172757 0.4650105 
AZ OH 0.89876 0.9626976 0.71839 0 0 0.01024954 0.07930419 0.09511528 0.06155634 
CO OH 0.04348 0.06054289 0.71839 1 0 0.9149305 0.5160842 0.001891676 0.4776355 
FL OH 0.28169 0.3710368 0.71839 0 0 0.5159693 0.07930419 0.5379502 0.3777412 
GA OH 0.94283 0.9822303 0.71839 0 0 0.003268409 0.07930419 0.08665698 0.05640986 
IA OH 0.95708 0.9900098 0.71839 0 0 0.001842126 0.07930419 0.08339785 0.05484806 
ME OH 0.00457 0.005876592 0.71839 1 0 0.9908809 0.5160842 1.782262e-05 0.5023276 
MI OH 0.0781 0.106828 0.71839 0 0 0.8498996 0.07930419 0.8524013 0.5938684 
MN OH 0.0055 0.007345739 0.71839 1 0 0.9890303 0.5160842 2.784785e-05 0.5017141 
MO OH 0.99974 1 0.71839 0 0 6.76e-08 0.07930419 0.07930419 0.05286948 
MS OH 0.99979 1 0.71839 0 0 4.41e-08 0.07930419 0.07930419 0.05286948 
NC OH 0.33176 0.4353435 0.71839 0 0 0.4465447 0.07930419 0.4723175 0.3327221 
NH OH 0.04365 0.05994123 0.71839 1 0 0.9146053 0.5160842 0.001854265 0.4775146 
NM OH 0.00968 0.01315237 0.71839 1 0 0.9807337 0.5160842 8.927476e-05 0.4989691 
NV OH 0.34921 0.4543305 0.71839 1 0 0.4235276 0.5160842 0.1065281 0.3487133 
PA OH 0.05784 0.07955786 0.71839 0 0 0.8876655 0.07930419 0.8889594 0.618643 
SC OH 0.98773 0.9977753 0.71839 0 0 0.0001505529 0.07930419 0.08020689 0.05322054 
TX OH 0.99971 0.999958 0.71839 0 0 8.41e-08 0.07930419 0.07932118 0.05287515 
VA OH 0.00961 0.01334826 0.71839 1 0 0.9808724 0.5160842 9.195381e-05 0.4990162 
WI OH 0.02808 0.03891143 0.71839 0 0 0.9446285 0.07930419 0.9448742 0.656269 
ME2 OH 0.2466 0.3212257 0.71839 0 0 0.5676116 0.07930419 0.591722 0.4128792 
NE2 OH 0.9237 0.9633553 0.71839 0 0 0.00582169 0.07930419 0.0948241 0.05998333 
AZ PA 0.90095 0.9994831 0.05677 0 0 0.009810902 0.8896828 0.8897382 0.5964106 
CO PA 0.0428 0.2944521 0.05677 1 0 0.9162318 0.003222833 0.0002794262 0.306578 
FL PA 0.28005 0.8128877 0.05677 0 0 0.518328 0.8896828 0.9098343 0.7726151 
GA PA 0.94299 0.9996554 0.05677 0 0 0.00325014 0.8896828 0.8897197 0.5942176 
IA PA 0.95751 1 0.05677 0 0 0.0018054 0.8896828 0.8896828 0.5937237 
ME PA 0.00437 0.04031702 0.05677 1 0 0.9912791 0.003222833 5.238593e-06 0.3315024 
MI PA 0.07853 0.4107512 0.05677 0 0 0.849107 0.8896828 0.9539071 0.8975656 
MN PA 0.00529 0.05323915 0.05677 1 0 0.989448 0.003222833 9.134819e-06 0.3308933 
MO PA 0.99972 1 0.05677 0 0 7.84e-08 0.8896828 0.8896828 0.5931219 
MS PA 0.99988 1 0.05677 0 0 1.44e-08 0.8896828 0.8896828 0.5931219 
NC PA 0.3311 0.860958 0.05677 0 0 0.4474272 0.8896828 0.9046358 0.7472486 
NH PA 0.04444 0.2868711 0.05677 1 0 0.9130949 0.003222833 0.0002652232 0.3055277 
NM PA 0.01013 0.08649207 0.05677 1 0 0.9798426 0.003222833 2.410962e-05 0.3276965 
NV PA 0.34863 0.8580289 0.05677 1 0 0.4242829 0.003222833 0.002372694 0.1432928 
OH PA 0.7169 0.9925913 0.05677 0 0 0.08014561 0.8896828 0.8904764 0.6201016 
SC PA 0.98751 1 0.05677 0 0 0.0001560001 0.8896828 0.8896828 0.5931739 
TX PA 0.99962 1 0.05677 0 0 1.444e-07 0.8896828 0.8896828 0.5931219 
VA PA 0.00925 0.09476223 0.05677 1 0 0.9815856 0.003222833 2.894066e-05 0.3282791 
WI PA 0.02853 0.2270848 0.05677 0 0 0.943754 0.8896828 0.974383 0.9359399 
ME2 PA 0.24791 0.6845279 0.05677 0 0 0.5656394 0.8896828 0.9237889 0.793037 
NE2 PA 0.92201 0.9977602 0.05677 0 0 0.00608244 0.8896828 0.8899227 0.5952293 
AZ SC 0.90061 0.9063965 0.98729 0 0 0.009878372 0.0001615441 0.01105101 0.007030309 
CO SC 0.04379 0.04540438 0.98729 1 0 0.9143376 0.9747415 0.002009486 0.6303629 
FL SC 0.27809 0.2832002 0.98729 0 0 0.521154 0.0001615441 0.5189751 0.3467636 
GA SC 0.94186 0.9478619 0.98729 0 0 0.00338026 0.0001615441 0.004119766 0.002553856 
IA SC 0.95614 0.9606003 0.98729 0 0 0.0019237 0.0001615441 0.002663486 0.00158291 
ME SC 0.00447 0.004283241 0.98729 1 0 0.99108 0.9747415 1.788276e-05 0.6552798 
MI SC 0.07836 0.0802171 0.98729 0 0 0.8494203 0.0001615441 0.8478772 0.5658197 
MN SC 0.00529 0.005650232 0.98729 1 0 0.989448 0.9747415 3.111875e-05 0.6547402 
MO SC 0.99971 0.9998886 0.98729 0 0 8.41e-08 0.0001615441 0.0001643516 0.0001086599 
MS SC 0.99986 0.9999089 0.98729 0 0 1.96e-08 0.0001615441 0.0001638393 0.0001084677 
NC SC 0.33378 0.3347003 0.98729 0 0 0.4438491 0.0001615441 0.4483022 0.2974376 
NH SC 0.04367 0.04529299 0.98729 1 0 0.9145671 0.9747415 0.001999639 0.6304361 
NM SC 0.00973 0.01013599 0.98729 1 0 0.9806347 0.9747415 0.0001001433 0.6518255 
NV SC 0.34687 0.3500714 0.98729 1 0 0.4265788 0.9747415 0.1194546 0.506925 
OH SC 0.71595 0.7240601 0.98729 0 0 0.0806844 0.0001615441 0.08130638 0.05405078 
PA SC 0.05764 0.0588819 0.98729 0 0 0.8880424 0.0001615441 0.8871125 0.5917721 
TX SC 0.9997 0.9998279 0.98729 0 0 9e-08 0.0001615441 0.0001658932 0.0001091758 
VA SC 0.00893 0.01005498 0.98729 1 0 0.9822197 0.9747415 9.854899e-05 0.6523533 
WI SC 0.02806 0.02982067 0.98729 0 0 0.9446674 0.0001615441 0.9419835 0.6289375 
ME2 SC 0.2467 0.2502101 0.98729 0 0 0.5674609 0.0001615441 0.5669639 0.3781954 
NE2 SC 0.92304 0.9279747 0.98729 0 0 0.005922842 0.0001615441 0.007025764 0.00437005 
AZ TX 0.90014 0.9003041 0.99966 0 0 0.00997202 1.156e-07 0.0100004 0.006657511 
CO TX 0.04316 0.04519627 0.99966 1 0 0.9155428 0.9993201 0.002041314 0.6389681 
FL TX 0.27763 0.2823416 0.99966 0 0 0.5218184 1.156e-07 0.5151713 0.3456633 
GA TX 0.94223 0.9420091 0.99966 0 0 0.003337373 1.156e-07 0.003400191 0.002245893 
IA TX 0.95613 0.9572446 0.99966 0 0 0.001924577 1.156e-07 0.00185596 0.001260218 
ME TX 0.00466 0.004821736 0.99966 1 0 0.9907017 0.9993201 2.323333e-05 0.6633484 
MI TX 0.07797 0.07897843 0.99966 0 0 0.8501393 1.156e-07 0.8483302 0.5661565 
MN TX 0.00533 0.005291905 0.99966 1 0 0.9893684 0.9993201 2.798522e-05 0.6629055 
MO TX 0.99972 0.9996399 0.99966 0 0 7.84e-08 1.156e-07 4.900101e-07 2.280034e-07 
MS TX 0.99988 0.9997499 0.99966 0 0 1.44e-08 1.156e-07 3.481059e-07 1.593686e-07 
NC TX 0.33233 0.3335101 0.99966 0 0 0.4457832 1.156e-07 0.44436 0.2967144 
NH TX 0.04293 0.04372574 0.99966 1 0 0.915983 0.9993201 0.001910641 0.6390712 
NM TX 0.01012 0.009663479 0.99966 1 0 0.9798624 0.9993201 9.331933e-05 0.6597586 
NV TX 0.34584 0.3487856 0.99966 1 0 0.4279253 0.9993201 0.1215687 0.5162714 
OH TX 0.71425 0.7157277 0.99966 0 0 0.08165306 1.156e-07 0.08094918 0.05420078 
PA TX 0.05776 0.05875115 0.99966 0 0 0.8878162 1.156e-07 0.885987 0.5912678 
SC TX 0.98745 0.9878056 0.99966 0 0 0.0001575025 1.156e-07 0.000157007 0.000104875 
VA TX 0.01015 0.009463407 0.99966 1 0 0.979803 0.9993201 8.949518e-05 0.6597375 
WI TX 0.02749 0.02866032 0.99966 0 0 0.9457757 1.156e-07 0.9435197 0.6297652 
ME2 TX 0.24503 0.2477492 0.99966 0 0 0.5699797 1.156e-07 0.566008 0.3786626 
NE2 TX 0.92033 0.9234224 0.99966 0 0 0.006347309 1.156e-07 0.005912308 0.004086577 
AZ VA 0.90129 0.9994698 0.01001 0 1 0.8123237 0.9800802 0.0001000939 0.5975013 
CO VA 0.04285 0.5180276 0.01001 1 1 0.9161361 0.9800802 2.688895e-05 0.6320811 
FL VA 0.27951 0.907211 0.01001 0 1 0.07812584 0.9800802 8.246787e-05 0.3527628 
GA VA 0.9433 1 0.01001 0 1 0.8898149 0.9800802 0.0001002001 0.6233318 
IA VA 0.95785 1 0.01001 0 1 0.9174766 0.9800802 0.0001002001 0.6325523 
ME VA 0.00396 0.1065748 0.01001 1 1 0.9920957 0.9800802 1.138091e-06 0.6573923 
MI VA 0.07936 0.6299046 0.01001 0 1 0.00629801 0.9800802 3.975737e-05 0.328806 
MN VA 0.00563 0.1373277 0.01001 1 1 0.9887717 0.9800802 1.889663e-06 0.6562846 
MO VA 0.99983 1 0.01001 0 1 0.99966 0.9800802 0.0001002001 0.6599468 
MS VA 0.99983 1 0.01001 0 1 0.99966 0.9800802 0.0001002001 0.6599468 
NC VA 0.33236 0.9554613 0.01001 0 1 0.1104632 0.9800802 9.14733e-05 0.3635449 
NH VA 0.0443 0.4973489 0.01001 1 1 0.9133625 0.9800802 2.478509e-05 0.6311558 
NM VA 0.01 0.1728526 0.01001 1 1 0.9801 0.9800802 2.993781e-06 0.6533944 
NV VA 0.34872 0.9512195 0.01001 1 1 0.4241656 0.9800802 9.066291e-05 0.4681122 
OH VA 0.71701 1 0.01001 0 1 0.5141033 0.9800802 0.0001002001 0.4980946 
PA VA 0.05714 0.5917285 0.01001 0 1 0.00326498 0.9800802 3.508433e-05 0.3277934 
SC VA 0.98789 1 0.01001 0 1 0.9759267 0.9800802 0.0001002001 0.6520357 
TX VA 0.99959 1 0.01001 0 1 0.9991802 0.9800802 0.0001002001 0.6597869 
WI VA 0.02818 0.3944857 0.01001 0 1 0.0007941124 0.9800802 1.559303e-05 0.3269633 
ME2 VA 0.24615 0.8101803 0.01001 0 1 0.06058982 0.9800802 6.577055e-05 0.3469119 
NE2 VA 0.9227 0.9989396 0.01001 0 1 0.8513753 0.9800802 9.99877e-05 0.6105185 
AZ WI 0.90019 0.9992801 0.02782 0 0 0.009962036 0.945134 0.9451729 0.633423 
CO WI 0.04357 0.3549316 0.02782 1 0 0.9147583 0.0007739524 9.749977e-05 0.3052099 
FL WI 0.27872 0.8531317 0.02782 0 0 0.5202448 0.945134 0.9530951 0.8061579 
GA WI 0.94223 1 0.02782 0 0 0.003337373 0.945134 0.945134 0.6312018 
IA WI 0.95719 0.99964 0.02782 0 0 0.001832696 0.945134 0.9451534 0.6307067 
ME WI 0.00455 0.06767459 0.02782 1 0 0.9909207 0.0007739524 3.544586e-06 0.3305661 
MI WI 0.07915 0.5007199 0.02782 0 0 0.8479647 0.945134 0.972334 0.9218109 
MN WI 0.00513 0.07487401 0.02782 1 0 0.9897663 0.0007739524 4.338868e-06 0.3301815 
MO WI 0.9997 1 0.02782 0 0 9e-08 0.945134 0.945134 0.6300893 
MS WI 0.99973 1 0.02782 0 0 7.29e-08 0.945134 0.945134 0.6300893 
NC WI 0.33343 0.8923686 0.02782 0 0 0.4443156 0.945134 0.9509649 0.7801381 
NH WI 0.04288 0.3527718 0.02782 1 0 0.9160787 0.0007739524 9.631677e-05 0.3056497 
NM WI 0.00994 0.1151908 0.02782 1 0 0.9802188 0.0007739524 1.026951e-05 0.327001 
NV WI 0.3495 0.9060475 0.02782 1 0 0.4231502 0.0007739524 0.0006353546 0.1415199 
OH WI 0.71589 0.9938805 0.02782 0 0 0.08071849 0.945134 0.945465 0.6571058 
PA WI 0.05797 0.4388049 0.02782 0 0 0.8874205 0.945134 0.9757339 0.9360961 
SC WI 0.98779 1 0.02782 0 0 0.0001490841 0.945134 0.945134 0.630139 
TX WI 0.99967 1 0.02782 0 0 1.089e-07 0.945134 0.945134 0.6300893 
VA WI 0.0099 0.1331893 0.02782 1 0 0.980298 0.0007739524 1.372945e-05 0.3270286 
ME2 WI 0.24835 0.7440605 0.02782 0 0 0.5649777 0.945134 0.959029 0.8230469 
NE2 WI 0.92234 0.9989201 0.02782 0 0 0.006031076 0.945134 0.9451924 0.6321191 
AZ ME2 0.90068 0.9866436 0.25092 0 0 0.009864462 0.5611208 0.566153 0.3790461 
CO ME2 0.04468 0.1239892 0.25092 1 0 0.9126363 0.06296085 0.0009679176 0.3255217 
FL ME2 0.2818 0.542664 0.25092 0 0 0.5158112 0.5611208 0.7462105 0.6077142 
GA ME2 0.94375 0.9951322 0.25092 0 0 0.003164063 0.5611208 0.5629523 0.3757457 
IA ME2 0.95641 0.9964597 0.25092 0 0 0.001900088 0.5611208 0.5624525 0.3751578 
ME ME2 0.00446 0.01701734 0.25092 1 0 0.9910999 0.06296085 1.823282e-05 0.3513597 
MI ME2 0.08002 0.2023575 0.25092 0 0 0.8463632 0.5611208 0.9010271 0.7695037 
MN ME2 0.00528 0.01741964 0.25092 1 0 0.9894679 0.06296085 1.910508e-05 0.3508159 
MO ME2 0.99966 1 0.25092 0 0 1.156e-07 0.5611208 0.5611208 0.3740806 
MS ME2 0.99976 1 0.25092 0 0 5.76e-08 0.5611208 0.5611208 0.3740806 
NC ME2 0.33267 0.6164461 0.25092 0 0 0.4453293 0.5611208 0.7145682 0.5736728 
NH ME2 0.04594 0.1229835 0.25092 1 0 0.9102305 0.06296085 0.0009522786 0.3247145 
NM ME2 0.01028 0.03174156 0.25092 1 0 0.9795457 0.06296085 6.343474e-05 0.3475233 
NV ME2 0.34975 0.6265438 0.25092 1 0 0.4228251 0.06296085 0.02471573 0.1701672 
OH ME2 0.71842 0.9273444 0.25092 0 0 0.0792873 0.5611208 0.5887658 0.4097246 
PA ME2 0.05768 0.1564549 0.25092 0 0 0.887967 0.5611208 0.9230258 0.7907046 
SC ME2 0.98744 0.9993965 0.25092 0 0 0.0001577536 0.5611208 0.5613477 0.3742088 
TX ME2 0.99972 1 0.25092 0 0 7.84e-08 0.5611208 0.5611208 0.3740806 
VA ME2 0.00922 0.03117834 0.25092 1 0 0.981645 0.06296085 6.120354e-05 0.3482224 
WI ME2 0.02915 0.08806372 0.25092 0 0 0.9425497 0.5611208 0.9562944 0.8199883 
NE2 ME2 0.92453 0.9849539 0.25092 0 0 0.005695721 0.5611208 0.5667912 0.3778693 
AZ NE2 0.89947 0.9200121 0.92278 0 0 0.01010628 0.005962928 0.02281043 0.01295988 
CO NE2 0.04294 0.04691222 0.92278 1 0 0.9159638 0.8515229 0.001873994 0.5897869 
FL NE2 0.27997 0.2997921 0.92278 0 0 0.5184432 0.005962928 0.5232465 0.3492176 
GA NE2 0.94236 0.9571911 0.92278 0 0 0.00332237 0.005962928 0.0136243 0.007636533 
IA NE2 0.95732 0.9690139 0.92278 0 0 0.001821582 0.005962928 0.01119647 0.006326992 
ME NE2 0.00394 0.005099389 0.92278 1 0 0.9921355 0.8515229 2.214281e-05 0.6145602 
MI NE2 0.07788 0.08587761 0.92278 0 0 0.8503053 0.005962928 0.8477877 0.5680186 
MN NE2 0.00522 0.005554112 0.92278 1 0 0.9895872 0.8515229 2.626792e-05 0.6137121 
MO NE2 0.99973 0.9999134 0.92278 0 0 7.29e-08 0.005962928 0.005975278 0.003979427 
MS NE2 0.99988 0.999935 0.92278 0 0 1.44e-08 0.005962928 0.00597219 0.003978378 
NC NE2 0.33312 0.3539366 0.92278 0 0 0.4447289 0.005962928 0.45346 0.301384 
NH NE2 0.04538 0.04794076 0.92278 1 0 0.9112993 0.8515229 0.001957069 0.5882598 
NM NE2 0.00983 0.01105409 0.92278 1 0 0.9804366 0.8515229 0.0001040501 0.6106879 
NV NE2 0.34803 0.3719198 0.92278 1 0 0.4250649 0.8515229 0.1177863 0.4647914 
OH NE2 0.71556 0.7488957 0.92278 0 0 0.08090611 0.005962928 0.09544025 0.06076976 
PA NE2 0.05783 0.06142003 0.92278 0 0 0.8876843 0.005962928 0.8898579 0.5945017 
SC NE2 0.98738 0.9922156 0.92278 0 0 0.0001592644 0.005962928 0.007123918 0.00441537 
TX NE2 0.99972 0.9998268 0.92278 0 0 7.84e-08 0.005962928 0.005987641 0.003983549 
VA NE2 0.00964 0.01020961 0.92278 1 0 0.9808129 0.8515229 8.875938e-05 0.6108082 
WI NE2 0.02842 0.03190637 0.92278 0 0 0.9439677 0.005962928 0.9419817 0.6306375 
ME2 NE2 0.25079 0.2651033 0.92278 0 0 0.5613156 0.005962928 0.5705808 0.3792865 
The average brier score with the third way of testing it is(TT) 0.4346704