State1: State2: Win Prob(State1): Conditional Prob(State1): Win Prob(State2): Outcome1: Outcome2: Brier Score(State1): Brier Score(State2): Brier Score(Conditional): Brier Score(Average)
CO AZ 0.95478 1 0.10077 1 0 0.002044848 0.01015459 0.01015459 0.007451345 
FL AZ 0.71798 0.9815189 0.10077 0 0 0.5154953 0.01015459 0.009782725 0.1784775 
GA AZ 0.05771 0.2676227 0.10077 0 0 0.003330444 0.01015459 0.0007272913 0.004737443 
IA AZ 0.0435 0.2081398 0.10077 0 0 0.00189225 0.01015459 0.0004399189 0.004162254 
ME AZ 0.99566 1 0.10077 1 0 1.88356e-05 0.01015459 0.01015459 0.006776007 
MI AZ 0.92169 0.9979802 0.10077 0 0 0.8495125 0.01015459 0.01011361 0.2899269 
MN AZ 0.99492 1 0.10077 1 0 2.58064e-05 0.01015459 0.01015459 0.006778331 
MO AZ 0.00034 0.001716825 0.10077 0 0 1.156e-07 0.01015459 2.993054e-08 0.003384913 
MS AZ 0.00018 0.001514845 0.10077 0 0 3.24e-08 0.01015459 2.330232e-08 0.003384883 
NC AZ 0.66795 0.9688952 0.10077 0 0 0.4461572 0.01015459 0.009532704 0.1552815 
NH AZ 0.95559 0.999697 0.10077 1 0 0.001972248 0.01015459 0.01014844 0.007425094 
NM AZ 0.98957 0.999899 0.10077 1 0 0.0001087849 0.01015459 0.01015254 0.006805307 
NV AZ 0.64981 0.9644516 0.10077 1 0 0.122633 0.01015459 0.009445467 0.04741103 
OH AZ 0.28366 0.7331852 0.10077 0 0 0.080463 0.01015459 0.005458709 0.03202543 
PA AZ 0.94155 0.999596 0.10077 0 0 0.8865164 0.01015459 0.01014639 0.3022725 
SC AZ 0.01293 0.07362149 0.10077 0 0 0.0001671849 0.01015459 5.503915e-05 0.003458939 
TX AZ 0.00046 0.002827712 0.10077 0 0 2.116e-07 0.01015459 8.119564e-08 0.003384962 
VA AZ 0.98982 1 0.10077 1 0 0.0001036324 0.01015459 0.01015459 0.006804273 
WI AZ 0.9711 0.999899 0.10077 0 0 0.9430352 0.01015459 0.01015254 0.3211141 
ME2 AZ 0.75476 0.9684912 0.10077 0 0 0.5696627 0.01015459 0.009524757 0.1964473 
NE2 AZ 0.07272 0.2377298 0.10077 0 0 0.005288198 0.01015459 0.0005738912 0.005338894 
AZ CO 0.10017 0.1044475 0.95592 0 1 0.01003403 0.001943046 0.009968709 0.007315261 
FL CO 0.7212 0.7444014 0.95592 0 1 0.5201294 0.001943046 0.5063578 0.3428101 
GA CO 0.05837 0.05960653 0.95592 0 1 0.003407057 0.001943046 0.003246615 0.002865573 
IA CO 0.04297 0.04483047 0.95592 0 1 0.001846421 0.001943046 0.001836495 0.001875321 
ME CO 0.9955 0.9978757 0.95592 1 1 2.025e-05 0.001943046 0.002126195 0.001363164 
MI CO 0.92215 0.9386145 0.95592 0 1 0.8503606 0.001943046 0.8050403 0.552448 
MN CO 0.99491 0.9972583 0.95592 1 1 2.59081e-05 0.001943046 0.002180972 0.001383309 
MO CO 0.00031 0.0003348681 0.95592 0 1 9.61e-08 0.001943046 1.024686e-07 0.0006477483 
MS CO 2e-04 0.0002511511 0.95592 0 1 4e-08 0.001943046 5.763858e-08 0.0006477147 
NC CO 0.66774 0.691419 0.95592 0 1 0.4458767 0.001943046 0.4368433 0.2948877 
NH CO 0.95538 0.9676434 0.95592 1 1 0.001990944 0.001943046 0.005626553 0.003186848 
NM CO 0.98958 0.9944537 0.95592 1 1 0.0001085764 0.001943046 0.00243856 0.001496727 
NV CO 0.65313 0.6764232 0.95592 1 1 0.1203188 0.001943046 0.124887 0.08238295 
OH CO 0.28275 0.2947677 0.95592 0 1 0.07994756 0.001943046 0.07939677 0.05376246 
PA CO 0.94144 0.9578799 0.95592 0 1 0.8863093 0.001943046 0.8384269 0.5755597 
SC CO 0.01268 0.0131645 0.95592 0 1 0.0001607824 0.001943046 0.0001583624 0.0007540637 
TX CO 0.00035 0.000366262 0.95592 0 1 1.225e-07 0.001943046 1.225821e-07 0.0006477638 
VA CO 0.99082 0.9949665 0.95592 1 1 8.42724e-05 0.001943046 0.00239039 0.001472569 
WI CO 0.97042 0.9804521 0.95592 0 1 0.941715 0.001943046 0.8784071 0.607355 
ME2 CO 0.75591 0.7737442 0.95592 0 1 0.5713999 0.001943046 0.5470638 0.3734689 
NE2 CO 0.07252 0.0767162 0.95592 0 1 0.00525915 0.001943046 0.005377956 0.004193384 
AZ FL 0.09859 0.1370192 0.7193 0 0 0.009719988 0.5173925 0.009713666 0.178942 
CO FL 0.95504 0.9895092 0.7193 1 0 0.002021402 0.5173925 0.5065937 0.3420025 
GA FL 0.05729 0.07881281 0.7193 0 0 0.003282144 0.5173925 0.003213762 0.1746295 
IA FL 0.04295 0.05891507 0.7193 0 0 0.001844703 0.5173925 0.001795862 0.1736777 
ME FL 0.9959 0.9995693 0.7193 1 0 1.681e-05 0.5173925 0.5169469 0.3447854 
MI FL 0.91986 0.9740023 0.7193 0 0 0.8461424 0.5173925 0.4908402 0.618125 
MN FL 0.99464 0.9992636 0.7193 1 0 2.87296e-05 0.5173925 0.5166307 0.344684 
MO FL 0.00024 0.0003751667 0.7193 0 0 5.76e-08 0.5173925 7.282304e-08 0.1724642 
MS FL 0.00017 0.0002362161 0.7193 0 0 2.89e-08 0.5173925 2.886949e-08 0.1724642 
NC FL 0.66716 0.797674 0.7193 0 0 0.4451025 0.5173925 0.3292084 0.4305678 
NH FL 0.95595 0.9880919 0.7193 1 0 0.001940403 0.5173925 0.5051436 0.3414922 
NM FL 0.98966 0.9986105 0.7193 1 0 0.0001069156 0.5173925 0.5159556 0.344485 
NV FL 0.65166 0.772774 0.7193 1 0 0.1213408 0.5173925 0.3089763 0.3159032 
OH FL 0.28246 0.3733187 0.7193 0 0 0.07978365 0.5173925 0.07210736 0.2230945 
PA FL 0.94119 0.9848266 0.7193 0 0 0.8858386 0.5173925 0.5018104 0.6350138 
SC FL 0.01231 0.01599322 0.7193 0 0 0.0001515361 0.5173925 0.0001323402 0.1725588 
TX FL 4e-04 0.0004168519 0.7193 0 0 1.6e-07 0.5173925 8.990498e-08 0.1724642 
VA FL 0.99055 0.9988467 0.7193 1 0 8.93025e-05 0.5173925 0.5161998 0.3445605 
WI FL 0.97061 0.9941502 0.7193 0 0 0.9420838 0.5173925 0.5113569 0.6569444 
ME2 FL 0.75621 0.8431247 0.7193 0 0 0.5718536 0.5173925 0.3677933 0.4856798 
NE2 FL 0.07247 0.0965568 0.7193 0 0 0.005251901 0.5173925 0.004823762 0.1758227 
AZ GA 0.10263 0.4674045 0.05864 0 0 0.01053292 0.00343865 0.0007512312 0.004907599 
CO GA 0.95673 1 0.05864 1 0 0.001872293 0.00343865 0.00343865 0.002916531 
FL GA 0.71862 0.9897977 0.05864 0 0 0.5164147 0.00343865 0.003368843 0.1744074 
IA GA 0.04269 0.2685457 0.05864 0 0 0.001822436 0.00343865 0.0002479845 0.001836357 
ME GA 0.9956 1 0.05864 1 0 1.936e-05 0.00343865 0.00343865 0.002298886 
MI GA 0.92211 0.9991354 0.05864 0 0 0.8502869 0.00343865 0.003432706 0.2857194 
MN GA 0.99504 1 0.05864 1 0 2.46016e-05 0.00343865 0.00343865 0.002300634 
MO GA 0.00027 0.002247968 0.05864 0 0 7.29e-08 0.00343865 1.737674e-08 0.001146247 
MS GA 0.00025 0.002075048 0.05864 0 0 6.25e-08 0.00343865 1.480621e-08 0.001146242 
NC GA 0.66914 0.9828809 0.05864 0 0 0.4477483 0.00343865 0.003321924 0.151503 
NH GA 0.95645 0.9998271 0.05864 1 0 0.001896602 0.00343865 0.00343746 0.002924238 
NM GA 0.99017 1 0.05864 1 0 9.66289e-05 0.00343865 0.00343865 0.002324643 
NV GA 0.65384 0.9678368 0.05864 1 0 0.1198267 0.00343865 0.003221011 0.04216214 
OH GA 0.28574 0.7931869 0.05864 0 0 0.08164735 0.00343865 0.002163411 0.02908314 
PA GA 0.94479 0.9996542 0.05864 0 0 0.8926281 0.00343865 0.003436272 0.2998344 
SC GA 0.01237 0.09925644 0.05864 0 0 0.0001530169 0.00343865 3.387703e-05 0.001208515 
TX GA 0.00042 0.004495936 0.05864 0 0 1.764e-07 0.00343865 6.950695e-08 0.001146299 
VA GA 0.99049 1 0.05864 1 0 9.04401e-05 0.00343865 0.00343865 0.00232258 
WI GA 0.97152 1 0.05864 0 0 0.9438511 0.00343865 0.00343865 0.3169095 
ME2 GA 0.75811 0.9801141 0.05864 0 0 0.5747308 0.00343865 0.003303248 0.1938242 
NE2 GA 0.07384 0.278921 0.05864 0 0 0.005452346 0.00343865 0.0002675163 0.003052837 
AZ IA 0.10181 0.4896824 0.04293 0 0 0.01036528 0.001842985 0.0004419272 0.004216729 
CO IA 0.95621 1 0.04293 1 0 0.001917564 0.001842985 0.001842985 0.001867845 
FL IA 0.72038 0.9872479 0.04293 0 0 0.5189473 0.001842985 0.001796281 0.1741955 
GA IA 0.05677 0.3586831 0.04293 0 0 0.003222833 0.001842985 0.0002371065 0.001767641 
ME IA 0.99578 1 0.04293 1 0 1.78084e-05 0.001842985 0.001842985 0.001234593 
MI IA 0.92096 0.9993044 0.04293 0 0 0.8481673 0.001842985 0.001840422 0.2839502 
MN IA 0.99505 1 0.04293 1 0 2.45025e-05 0.001842985 0.001842985 0.001236824 
MO IA 0.00028 0.004869001 0.04293 0 0 7.84e-08 0.001842985 4.369195e-08 0.000614369 
MS IA 0.00022 0.003709715 0.04293 0 0 4.84e-08 0.001842985 2.536313e-08 0.0006143529 
NC IA 0.66767 0.9784373 0.04293 0 0 0.4457832 0.001842985 0.001764362 0.1497969 
NH IA 0.95581 0.9997681 0.04293 1 0 0.001952756 0.001842985 0.00184213 0.00187929 
NM IA 0.99 1 0.04293 1 0 1e-04 0.001842985 0.001842985 0.00126199 
NV IA 0.6504 0.9763506 0.04293 1 0 0.1222202 0.001842985 0.001756845 0.04194 
OH IA 0.28453 0.8349177 0.04293 0 0 0.08095732 0.001842985 0.001284722 0.02802834 
PA IA 0.94253 0.9997681 0.04293 0 0 0.8883628 0.001842985 0.00184213 0.2973493 
SC IA 0.0131 0.1156967 0.04293 0 0 0.00017161 0.001842985 2.46697e-05 0.0006797549 
TX IA 0.00029 0.006260144 0.04293 0 0 8.41e-08 0.001842985 7.222547e-08 0.0006143804 
VA IA 0.98997 1 0.04293 1 0 0.0001006009 0.001842985 0.001842985 0.00126219 
WI IA 0.97197 1 0.04293 0 0 0.9447257 0.001842985 0.001842985 0.3161372 
ME2 IA 0.75684 0.9807559 0.04293 0 0 0.5728068 0.001842985 0.001772734 0.1921408 
NE2 IA 0.07112 0.3234408 0.04293 0 0 0.005058054 0.001842985 0.0001928019 0.002364614 
AZ ME 0.09922 0.1002943 0.99617 0 1 0.009844608 1.46689e-05 0.009982043 0.006613774 
CO ME 0.95523 0.9577227 0.99617 1 1 0.002004353 1.46689e-05 0.002110977 0.001376666 
FL ME 0.71603 0.7207931 0.99617 0 1 0.512699 1.46689e-05 0.5155706 0.3427614 
GA ME 0.05657 0.05738421 0.99617 0 1 0.003200165 1.46689e-05 0.003267772 0.002160869 
IA ME 0.0425 0.04280965 0.99617 0 1 0.00180625 1.46689e-05 0.001818655 0.001213191 
MI ME 0.92052 0.9224967 0.99617 0 1 0.8473571 1.46689e-05 0.8444939 0.5639552 
MN ME 0.99457 0.9949577 0.99617 1 1 2.94849e-05 1.46689e-05 7.837606e-05 4.084329e-05 
MO ME 0.00033 0.0003314684 0.99617 0 1 1.089e-07 1.46689e-05 1.090313e-07 4.962277e-06 
MS ME 0.00024 0.0001305785 0.99617 0 1 5.76e-08 1.46689e-05 1.692038e-08 4.914473e-06 
NC ME 0.66574 0.6700182 0.99617 0 1 0.4432097 1.46689e-05 0.4454922 0.2962389 
NH ME 0.9548 0.9569493 0.99617 1 1 0.00204304 1.46689e-05 0.002182369 0.001413359 
NM ME 0.99021 0.9907189 0.99617 1 1 9.58441e-05 1.46689e-05 0.0001709705 9.382783e-05 
NV ME 0.64888 0.6528421 0.99617 1 1 0.1232853 1.46689e-05 0.1222609 0.08185362 
OH ME 0.28163 0.2846209 0.99617 0 1 0.07931546 1.46689e-05 0.0803897 0.05323994 
PA ME 0.94004 0.9450968 0.99617 0 1 0.8836752 1.46689e-05 0.8863791 0.590023 
SC ME 0.01247 0.01234469 0.99617 0 1 0.0001555009 1.46689e-05 0.0001512262 0.000107132 
TX ME 0.00026 0.0004319134 0.99617 0 1 6.76e-08 1.46689e-05 1.851229e-07 4.973874e-06 
VA ME 0.98971 0.9911608 0.99617 1 1 0.0001058841 1.46689e-05 0.0001596509 9.34013e-05 
WI ME 0.97119 0.9738944 0.99617 0 1 0.94321 1.46689e-05 0.9412188 0.6281478 
ME2 ME 0.7548 0.7601475 0.99617 0 1 0.569723 1.46689e-05 0.5734065 0.3810481 
NE2 ME 0.07183 0.07243087 0.99617 0 1 0.005159549 1.46689e-05 0.005206122 0.003460113 
AZ MI 0.10024 0.1109857 0.92068 0 0 0.01004806 0.8476517 0.01044122 0.2893803 
CO MI 0.95497 0.9735345 0.92068 1 0 0.002027701 0.8476517 0.8033784 0.5510192 
FL MI 0.71988 0.7621363 0.92068 0 0 0.5182272 0.8476517 0.49236 0.619413 
GA MI 0.05838 0.06288537 0.92068 0 0 0.003408224 0.8476517 0.003352097 0.284804 
IA MI 0.04147 0.04703647 0.92068 0 0 0.001719761 0.8476517 0.00187537 0.2837489 
ME MI 0.99558 0.998198 0.92068 1 0 1.95364e-05 0.8476517 0.8445995 0.5640902 
MN MI 0.99485 0.9978289 0.92068 1 0 2.65225e-05 0.8476517 0.843975 0.5638844 
MO MI 0.00021 0.0002605297 0.92068 0 0 4.41e-08 0.8476517 5.753499e-08 0.2825506 
MS MI 0.00019 0.0001302649 0.92068 0 0 3.61e-08 0.8476517 1.438375e-08 0.2825506 
NC MI 0.66612 0.713135 0.92068 0 0 0.4437159 0.8476517 0.4310831 0.5741502 
NH MI 0.95496 0.9732631 0.92068 1 0 0.002028602 0.8476517 0.8029305 0.5508703 
NM MI 0.99026 0.9956253 0.92068 1 0 9.48676e-05 0.8476517 0.8402514 0.562666 
NV MI 0.65312 0.6938341 0.92068 1 0 0.1203257 0.8476517 0.4080644 0.4586806 
OH MI 0.28154 0.3069149 0.92068 0 0 0.07926477 0.8476517 0.07984603 0.3355875 
PA MI 0.94224 0.963667 0.92068 0 0 0.8878162 0.8476517 0.7871751 0.840881 
SC MI 0.01233 0.01313504 0.92068 0 0 0.0001520289 0.8476517 0.0001462448 0.28265 
TX MI 0.00041 0.0004125054 0.92068 0 0 1.681e-07 0.8476517 1.44237e-07 0.2825507 
VA MI 0.99043 0.9961138 0.92068 1 0 9.15849e-05 0.8476517 0.8410761 0.5629398 
WI MI 0.97079 0.9843139 0.92068 0 0 0.9424332 0.8476517 0.8212676 0.8704508 
ME2 MI 0.75889 0.7908597 0.92068 0 0 0.575914 0.8476517 0.5301715 0.6512457 
NE2 MI 0.0728 0.07885367 0.92068 0 0 0.00529984 0.8476517 0.005270614 0.286074 
AZ MN 0.1001 0.0992087 0.99494 0 1 0.01002001 2.56036e-05 0.009743014 0.006596209 
CO MN 0.95752 0.9582835 0.99494 1 1 0.00180455 2.56036e-05 0.00216834 0.001332831 
FL MN 0.72075 0.7213771 0.99494 0 1 0.5194806 2.56036e-05 0.5151319 0.3448794 
GA MN 0.05741 0.05726093 0.99494 0 1 0.003295908 2.56036e-05 0.003245716 0.002189076 
IA MN 0.04312 0.04267171 0.99494 0 1 0.001859334 2.56036e-05 0.001802494 0.001229144 
ME MN 0.99556 0.9958475 0.99494 1 1 1.97136e-05 2.56036e-05 8.448434e-05 4.326718e-05 
MI MN 0.92138 0.9225595 0.99494 0 1 0.8489411 2.56036e-05 0.8425245 0.5638304 
MO MN 2e-04 0.0002010919 0.99494 0 1 4e-08 2.56036e-05 4.002977e-08 8.56121e-06 
MS MN 0.00026 0.0001407644 0.99494 0 1 6.76e-08 2.56036e-05 1.961459e-08 8.563605e-06 
NC MN 0.66794 0.6707321 0.99494 0 1 0.4461438 2.56036e-05 0.4453402 0.2971699 
NH MN 0.95533 0.9571976 0.99494 1 1 0.001995409 2.56036e-05 0.002270126 0.001430379 
NM MN 0.98979 0.9911017 0.99494 1 1 0.0001042441 2.56036e-05 0.0001935797 0.0001078091 
NV MN 0.65179 0.6536091 0.99494 1 1 0.1212502 2.56036e-05 0.1222888 0.0811882 
OH MN 0.28438 0.284535 0.99494 0 1 0.08087198 2.56036e-05 0.08014294 0.05368017 
PA MN 0.9427 0.9450114 0.99494 0 1 0.8886833 2.56036e-05 0.8840318 0.5909136 
SC MN 0.01238 0.01276934 0.99494 0 1 0.0001532644 2.56036e-05 0.00016141 0.000113426 
TX MN 0.00043 0.0003519109 0.99494 0 1 1.849e-07 2.56036e-05 1.225912e-07 8.63703e-06 
VA MN 0.9903 0.9913933 0.99494 1 1 9.409e-05 2.56036e-05 0.0001855912 0.0001017616 
WI MN 0.97094 0.9731241 0.99494 0 1 0.9427245 2.56036e-05 0.9374113 0.6267205 
ME2 MN 0.75503 0.7578049 0.99494 0 1 0.5700703 2.56036e-05 0.5684713 0.3795224 
NE2 MN 0.07232 0.07218195 0.99494 0 1 0.005230182 2.56036e-05 0.005157639 0.003471142 
AZ MO 0.09917 0.8873786 0.00026 0 0 0.009834689 6.76e-08 5.3231e-08 0.00327827 
CO MO 0.95623 1 0.00026 1 0 0.001915813 6.76e-08 6.76e-08 0.0006386494 
FL MO 0.71818 1 0.00026 0 0 0.5157825 6.76e-08 6.76e-08 0.1719275 
GA MO 0.05664 0.8 0.00026 0 0 0.00320809 6.76e-08 4.3264e-08 0.0010694 
IA MO 0.04229 0.7067961 0.00026 0 0 0.001788444 6.76e-08 3.377031e-08 0.0005961818 
ME MO 0.99574 1 0.00026 1 0 1.81476e-05 6.76e-08 6.76e-08 6.094267e-06 
MI MO 0.92129 1 0.00026 0 0 0.8487753 6.76e-08 6.76e-08 0.2829251 
MN MO 0.9944 1 0.00026 1 0 3.136e-05 6.76e-08 6.76e-08 1.04984e-05 
MS MO 0.00015 0.04660194 0.00026 0 0 2.25e-08 6.76e-08 1.468097e-10 3.008227e-08 
NC MO 0.66826 1 0.00026 0 0 0.4465714 6.76e-08 6.76e-08 0.1488572 
NH MO 0.9554 1 0.00026 1 0 0.00198916 6.76e-08 6.76e-08 0.0006630984 
NM MO 0.98991 1 0.00026 1 0 0.0001018081 6.76e-08 6.76e-08 3.39811e-05 
NV MO 0.65253 0.9980583 0.00026 1 0 0.1207354 6.76e-08 6.733773e-08 0.04024518 
OH MO 0.28358 0.9786408 0.00026 0 0 0.08041762 6.76e-08 6.474307e-08 0.02680592 
PA MO 0.94357 1 0.00026 0 0 0.8903243 6.76e-08 6.76e-08 0.2967748 
SC MO 0.01179 0.4582524 0.00026 0 0 0.0001390041 6.76e-08 1.419568e-08 4.636197e-05 
TX MO 0.00028 0.07572816 0.00026 0 0 7.84e-08 6.76e-08 3.876693e-10 4.879589e-08 
VA MO 0.99037 1 0.00026 1 0 9.27369e-05 6.76e-08 6.76e-08 3.095737e-05 
WI MO 0.9717 1 0.00026 0 0 0.9442009 6.76e-08 6.76e-08 0.3147337 
ME2 MO 0.75394 1 0.00026 0 0 0.5684255 6.76e-08 6.76e-08 0.1894752 
NE2 MO 0.07232 0.6776699 0.00026 0 0 0.005230182 6.76e-08 3.104439e-08 0.001743427 
AZ MS 0.09987 0.8323413 0.00022 0 0 0.009974017 4.84e-08 3.353113e-08 0.0033247 
CO MS 0.95661 1 0.00022 1 0 0.001882692 4.84e-08 4.84e-08 0.0006275963 
FL MS 0.7196 1 0.00022 0 0 0.5178242 4.84e-08 4.84e-08 0.1726081 
GA MS 0.05699 0.7242063 0.00022 0 0 0.00324786 4.84e-08 2.538458e-08 0.001082645 
IA MS 0.04269 0.6746032 0.00022 0 0 0.001822436 4.84e-08 2.202633e-08 0.0006075022 
ME MS 0.99572 1 0.00022 1 0 1.83184e-05 4.84e-08 4.84e-08 6.1384e-06 
MI MS 0.9213 1 0.00022 0 0 0.8487937 4.84e-08 4.84e-08 0.2829313 
MN MS 0.99453 1 0.00022 1 0 2.99209e-05 4.84e-08 4.84e-08 1.00059e-05 
MO MS 0.00027 0.04563492 0.00022 0 0 7.29e-08 4.84e-08 1.007952e-10 4.046693e-08 
NC MS 0.66763 0.9980159 0.00022 0 0 0.4457298 4.84e-08 4.820813e-08 0.1485766 
NH MS 0.95457 1 0.00022 1 0 0.002063885 4.84e-08 4.84e-08 0.0006879939 
NM MS 0.98972 1 0.00022 1 0 0.0001056784 4.84e-08 4.84e-08 3.52584e-05 
NV MS 0.65097 0.9960317 0.00022 1 0 0.1218219 4.84e-08 4.801664e-08 0.04060735 
OH MS 0.28247 0.9722222 0.00022 0 0 0.0797893 4.84e-08 4.574846e-08 0.02659647 
PA MS 0.94173 1 0.00022 0 0 0.8868554 4.84e-08 4.84e-08 0.2956185 
SC MS 0.01212 0.421627 0.00022 0 0 0.0001468944 4.84e-08 8.604035e-09 4.89838e-05 
TX MS 0.00025 0.05456349 0.00022 0 0 6.25e-08 4.84e-08 1.440953e-10 3.70147e-08 
VA MS 0.9901 1 0.00022 1 0 9.801e-05 4.84e-08 4.84e-08 3.270227e-05 
WI MS 0.97133 1 0.00022 0 0 0.943482 4.84e-08 4.84e-08 0.314494 
ME2 MS 0.75513 0.9960317 0.00022 0 0 0.5702213 4.84e-08 4.801664e-08 0.1900738 
NE2 MS 0.0728 0.5922619 0.00022 0 0 0.00529984 4.84e-08 1.697747e-08 0.001766635 
AZ NC 0.10044 0.1457742 0.66887 0 0 0.01008819 0.4473871 0.009507034 0.1556608 
CO NC 0.95681 0.9914768 0.66887 1 0 0.001865376 0.4473871 0.4397933 0.2963486 
FL NC 0.72282 0.8591068 0.66887 0 0 0.5224688 0.4473871 0.3302005 0.4333521 
GA NC 0.05823 0.08457474 0.66887 0 0 0.003390733 0.4473871 0.003200109 0.151326 
IA NC 0.04355 0.06200555 0.66887 0 0 0.001896602 0.4473871 0.001720064 0.1503346 
ME NC 0.99616 0.9997015 0.66887 1 0 1.47456e-05 0.4473871 0.44712 0.2981739 
MI NC 0.92342 0.9774308 0.66887 0 0 0.8527045 0.4473871 0.4274206 0.5758374 
MN NC 0.99496 0.9994925 0.66887 1 0 2.54016e-05 0.4473871 0.4469331 0.2981152 
MO NC 0.00029 0.000567215 0.66887 0 0 8.41e-08 0.4473871 1.439391e-07 0.1491291 
MS NC 0.00021 0.0002239006 0.66887 0 0 4.41e-08 0.4473871 2.242819e-08 0.149129 
NH NC 0.95678 0.9914022 0.66887 1 0 0.001867968 0.4473871 0.4397271 0.2963274 
NM NC 0.99058 0.9986118 0.66887 1 0 8.87364e-05 0.4473871 0.4461458 0.2978739 
NV NC 0.65228 0.7949518 0.66887 1 0 0.1209092 0.4473871 0.2827255 0.2836739 
OH NC 0.28534 0.392468 0.66887 0 0 0.08141892 0.4473871 0.06891153 0.1992392 
PA NC 0.94416 0.9874466 0.66887 0 0 0.8914381 0.4473871 0.4362252 0.5916834 
SC NC 0.01274 0.01901663 0.66887 0 0 0.0001623076 0.4473871 0.0001617896 0.1492371 
TX NC 0.00033 0.0005373616 0.66887 0 0 1.089e-07 0.4473871 1.291863e-07 0.1491291 
VA NC 0.99032 0.9989402 0.66887 1 0 9.37024e-05 0.4473871 0.4464393 0.2979734 
WI NC 0.9729 0.9947309 0.66887 0 0 0.9465344 0.4473871 0.4426848 0.6122021 
ME2 NC 0.75812 0.8582858 0.66887 0 0 0.5747459 0.4473871 0.3295697 0.4505676 
NE2 NC 0.07432 0.1008001 0.66887 0 0 0.005523462 0.4473871 0.004545745 0.1524854 
AZ NH 0.10199 0.1049574 0.95647 0 1 0.01040196 0.001894861 0.01007787 0.007458231 
CO NH 0.95677 0.9678753 0.95647 1 1 0.001868833 0.001894861 0.005513998 0.003092564 
FL NH 0.72031 0.7422698 0.95647 0 1 0.5188465 0.001894861 0.5040414 0.3415943 
GA NH 0.05755 0.06020893 0.95647 0 1 0.003312002 0.001894861 0.003316382 0.002841082 
IA NH 0.0432 0.04580568 0.95647 0 1 0.00186624 0.001894861 0.00191947 0.001893524 
ME NH 0.99567 0.9976762 0.95647 1 1 1.87489e-05 0.001894861 0.002093303 0.001335638 
MI NH 0.91989 0.9374568 0.95647 0 1 0.8461976 0.001894861 0.80398 0.5506908 
MN NH 0.99451 0.9973727 0.95647 1 1 3.01401e-05 0.001894861 0.002119955 0.001348319 
MO NH 0.00028 0.0002721544 0.95647 0 1 7.84e-08 0.001894861 6.776001e-08 0.000631669 
MS NH 0.00018 0.0001674796 0.95647 0 1 3.24e-08 0.001894861 2.56606e-08 0.0006316397 
NC NH 0.66801 0.6934181 0.95647 0 1 0.4462374 0.001894861 0.4398788 0.2960037 
NM NH 0.99036 0.9933846 0.95647 1 1 9.29296e-05 0.001894861 0.002485768 0.001491186 
NV NH 0.65147 0.6760106 0.95647 1 1 0.1214732 0.001894861 0.1249029 0.08275699 
OH NH 0.28364 0.2927021 0.95647 0 1 0.08045165 0.001894861 0.07837802 0.05357484 
PA NH 0.94409 0.9578579 0.95647 0 1 0.8913059 0.001894861 0.8393535 0.5775181 
SC NH 0.012 0.01302154 0.95647 0 1 0.000144 0.001894861 0.0001551199 0.0007313269 
TX NH 0.00039 0.0003558942 0.95647 0 1 1.521e-07 0.001894861 1.158736e-07 0.0006317096 
VA NH 0.99043 0.9944836 0.95647 1 1 9.15849e-05 0.001894861 0.002382048 0.001456165 
WI NH 0.97124 0.9803421 0.95647 0 1 0.9433071 0.001894861 0.8792209 0.608141 
ME2 NH 0.75528 0.7750434 0.95647 0 1 0.5704479 0.001894861 0.5495343 0.373959 
NE2 NH 0.0721 0.07609856 0.95647 0 1 0.00519841 0.001894861 0.005297801 0.004130357 
AZ NM 0.09987 0.1007821 0.98972 0 1 0.009974017 0.0001056784 0.009949274 0.006676323 
CO NM 0.95529 0.9599863 0.98972 1 1 0.001998984 0.0001056784 0.002488254 0.001530972 
FL NM 0.71765 0.7262292 0.98972 0 1 0.5150215 0.0001056784 0.5166211 0.3439161 
GA NM 0.0563 0.05723178 0.98972 0 1 0.00316969 0.0001056784 0.003208479 0.002161282 
IA NM 0.04309 0.04367156 0.98972 0 1 0.001856748 0.0001056784 0.001868195 0.001276874 
ME NM 0.9956 0.9965342 0.98972 1 1 1.936e-05 0.0001056784 0.0001879698 0.0001043361 
MI NM 0.92054 0.926308 0.98972 0 1 0.8473939 0.0001056784 0.8404958 0.5626651 
MN NM 0.99504 0.9954732 0.98972 1 1 2.46016e-05 0.0001056784 0.0002178656 0.0001160485 
MO NM 0.00024 0.0001818806 0.98972 0 1 5.76e-08 0.0001056784 3.240393e-08 3.525613e-05 
MS NM 0.00019 0.0002425075 0.98972 0 1 3.61e-08 0.0001056784 5.760698e-08 3.525737e-05 
NC NM 0.66955 0.6714629 0.98972 0 1 0.4482972 0.0001056784 0.4416404 0.2966811 
NH NM 0.95506 0.9588849 0.98972 1 1 0.002019604 0.0001056784 0.002598192 0.001574491 
NV NM 0.64933 0.6557505 0.98972 1 1 0.1229694 0.0001056784 0.1231944 0.08208986 
OH NM 0.28253 0.2859669 0.98972 0 1 0.0798232 0.0001056784 0.08010437 0.05334442 
PA NM 0.94255 0.946517 0.98972 0 1 0.8884005 0.0001056784 0.8775695 0.5886919 
SC NM 0.01276 0.01224663 0.98972 0 1 0.0001628176 0.0001056784 0.0001469122 0.0001384694 
TX NM 0.00034 0.0004243882 0.98972 0 1 1.156e-07 0.0001056784 1.764214e-07 3.532347e-05 
VA NM 0.99007 0.9913304 0.98972 1 1 9.86049e-05 0.0001056784 0.0003557192 0.0001866675 
WI NM 0.97044 0.9731019 0.98972 0 1 0.9417538 0.0001056784 0.9275585 0.6231393 
ME2 NM 0.75461 0.7610088 0.98972 0 1 0.5694363 0.0001056784 0.5672886 0.3789435 
NE2 NM 0.07244 0.0732979 0.98972 0 1 0.005247554 0.0001056784 0.00526269 0.003538641 
AZ NV 0.0999 0.1507894 0.653 0 1 0.00998001 0.120409 0.009695448 0.04669482 
CO NV 0.95719 0.9914529 0.653 1 1 0.001832696 0.120409 0.1243136 0.08218509 
FL NV 0.71834 0.8532229 0.653 0 1 0.5160124 0.120409 0.3104212 0.3156142 
GA NV 0.05656 0.08401101 0.653 0 1 0.003199034 0.120409 0.00300953 0.04220585 
IA NV 0.0417 0.06359626 0.653 0 1 0.00173889 0.120409 0.001724604 0.04129083 
ME NV 0.99597 0.9996157 0.653 1 1 1.62409e-05 0.120409 0.1205832 0.08033616 
MI NV 0.92108 0.9751118 0.653 0 1 0.8483884 0.120409 0.4054481 0.4580818 
MN NV 0.99468 0.9994312 0.653 1 1 2.83024e-05 0.120409 0.1206669 0.08036807 
MO NV 0.00022 0.0003074511 0.653 0 1 4.84e-08 0.120409 4.030681e-08 0.04013636 
MS NV 2e-04 0.0003381962 0.653 0 1 4e-08 0.120409 4.877124e-08 0.04013636 
NC NV 0.66873 0.8152065 0.653 0 1 0.4471998 0.120409 0.2833751 0.2836613 
NH NV 0.95604 0.9911147 0.653 1 1 0.001932482 0.120409 0.1244693 0.08227027 
NM NV 0.99079 0.9988317 0.653 1 1 8.48241e-05 0.120409 0.120939 0.08047762 
OH NV 0.2818 0.3943521 0.653 0 1 0.07941124 0.120409 0.0663124 0.08871088 
PA NV 0.94252 0.9872869 0.653 0 1 0.888344 0.120409 0.415636 0.4747963 
SC NV 0.01204 0.01906197 0.653 0 1 0.0001449616 0.120409 0.0001549394 0.0402363 
TX NV 0.00043 0.0003996864 0.653 0 1 1.849e-07 0.120409 6.81185e-08 0.04013642 
VA NV 0.99 0.9991853 0.653 1 1 1e-04 0.120409 0.1207785 0.08042917 
WI NV 0.97051 0.9946196 0.653 0 1 0.9418897 0.120409 0.4218328 0.4947105 
ME2 NV 0.75778 0.857066 0.653 0 1 0.5742305 0.120409 0.3132239 0.3359545 
NE2 NV 0.07175 0.1028116 0.653 0 1 0.005148062 0.120409 0.004507243 0.04335477 
AZ OH 0.09973 0.2611651 0.28019 0 0 0.009946073 0.07850644 0.005354706 0.03126907 
CO OH 0.95577 0.998415 0.28019 1 0 0.001956293 0.07850644 0.07825778 0.05290683 
FL OH 0.71748 0.948084 0.28019 0 0 0.5147776 0.07850644 0.07056655 0.2212835 
GA OH 0.05747 0.1610665 0.28019 0 0 0.003302801 0.07850644 0.002036647 0.02794863 
IA OH 0.04347 0.1231333 0.28019 0 0 0.001889641 0.07850644 0.001190299 0.02719546 
ME OH 0.99553 0.9999648 0.28019 1 0 1.99809e-05 0.07850644 0.07850091 0.05234244 
MI OH 0.91916 0.995069 0.28019 0 0 0.8448551 0.07850644 0.07773412 0.3336986 
MN OH 0.99462 1 0.28019 1 0 2.89444e-05 0.07850644 0.07850644 0.05234727 
MO OH 3e-04 0.001232742 0.28019 0 0 9e-08 0.07850644 1.193025e-07 0.02616888 
MS OH 2e-04 0.000739645 0.28019 0 0 4e-08 0.07850644 4.294888e-08 0.02616884 
NC OH 0.66507 0.9289589 0.28019 0 0 0.4423181 0.07850644 0.06774827 0.1961909 
NH OH 0.95582 0.9986264 0.28019 1 0 0.001951872 0.07850644 0.07829091 0.05291641 
NM OH 0.9893 0.9997887 0.28019 1 0 0.00011449 0.07850644 0.07847326 0.05236473 
NV OH 0.65036 0.9160327 0.28019 1 0 0.1222481 0.07850644 0.065876 0.08887685 
PA OH 0.94163 0.9977458 0.28019 0 0 0.8866671 0.07850644 0.0781529 0.3477755 
SC OH 0.01244 0.03849676 0.28019 0 0 0.0001547536 0.07850644 0.0001163466 0.02625918 
TX OH 0.00031 0.001338405 0.28019 0 0 9.61e-08 0.07850644 1.406308e-07 0.02616889 
VA OH 0.99008 0.9999648 0.28019 1 0 9.84064e-05 0.07850644 0.07850091 0.05236858 
WI OH 0.97111 0.999049 0.28019 0 0 0.9430546 0.07850644 0.07835719 0.3666394 
ME2 OH 0.75467 0.9363553 0.28019 0 0 0.5695268 0.07850644 0.0688314 0.2389549 
NE2 OH 0.07245 0.1645534 0.28019 0 0 0.005249002 0.07850644 0.002125783 0.02862707 
AZ PA 0.10032 0.1037233 0.94231 0 0 0.0100641 0.8879481 0.009553004 0.3025217 
CO PA 0.95615 0.971654 0.94231 1 0 0.001922822 0.8879481 0.838322 0.5760643 
FL PA 0.71913 0.7511108 0.94231 0 0 0.517148 0.8879481 0.5009515 0.6353492 
GA PA 0.05756 0.06044603 0.94231 0 0 0.003313154 0.8879481 0.003244316 0.2981685 
IA PA 0.04322 0.0452921 0.94231 0 0 0.001867968 0.8879481 0.001821514 0.2972125 
ME PA 0.99578 0.99807 0.94231 1 0 1.78084e-05 0.8879481 0.8845239 0.59083 
MI PA 0.92115 0.9417597 0.94231 0 0 0.8485173 0.8879481 0.7875313 0.8413323 
MN PA 0.99456 0.9974867 0.94231 1 0 2.95936e-05 0.8879481 0.8834904 0.5904894 
MO PA 0.00025 0.0002120913 0.94231 0 0 6.25e-08 0.8879481 3.994233e-08 0.2959827 
MS PA 0.00016 0.0002120913 0.94231 0 0 2.56e-08 0.8879481 3.994233e-08 0.2959827 
NC PA 0.66646 0.6978229 0.94231 0 0 0.4441689 0.8879481 0.4323924 0.5881698 
NH PA 0.95679 0.9702224 0.94231 1 0 0.001867104 0.8879481 0.8358535 0.5752229 
NM PA 0.9901 0.994825 0.94231 1 0 9.801e-05 0.8879481 0.8787816 0.5889426 
NV PA 0.65043 0.6824569 0.94231 1 0 0.1221992 0.8879481 0.4135595 0.4745689 
OH PA 0.28311 0.2983807 0.94231 0 0 0.08015127 0.8879481 0.07905494 0.3490514 
SC PA 0.01272 0.01299059 0.94231 0 0 0.0001617984 0.8879481 0.0001498462 0.2960866 
TX PA 0.00035 0.0003817644 0.94231 0 0 1.225e-07 0.8879481 1.294132e-07 0.2959828 
VA PA 0.99025 0.9956839 0.94231 1 0 9.50625e-05 0.8879481 0.8802998 0.5894477 
WI PA 0.97116 0.9821313 0.94231 0 0 0.9431517 0.8879481 0.8564987 0.8958662 
ME2 PA 0.75549 0.7799128 0.94231 0 0 0.5707651 0.8879481 0.5401069 0.6662734 
NE2 PA 0.07334 0.07544088 0.94231 0 0 0.005378756 0.8879481 0.005053603 0.2994602 
AZ SC 0.10039 0.625511 0.01269 0 0 0.01007815 0.0001610361 6.300764e-05 0.003434065 
CO SC 0.95601 1 0.01269 1 0 0.00193512 0.0001610361 0.0001610361 0.0007523974 
FL SC 0.7197 0.995094 0.01269 0 0 0.5179681 0.0001610361 0.0001594599 0.1727629 
GA SC 0.05828 0.4497138 0.01269 0 0 0.003396558 0.0001610361 3.256835e-05 0.001196721 
IA SC 0.04311 0.4186427 0.01269 0 0 0.001858472 0.0001610361 2.822346e-05 0.0006825772 
ME SC 0.99571 1 0.01269 1 0 1.84041e-05 0.0001610361 0.0001610361 0.0001134921 
MI SC 0.92168 0.9991823 0.01269 0 0 0.849494 0.0001610361 0.0001607729 0.2832719 
MN SC 0.99457 1 0.01269 1 0 2.94849e-05 0.0001610361 0.0001610361 0.0001171857 
MO SC 0.00038 0.009811938 0.01269 0 0 1.444e-07 0.0001610361 1.550361e-08 5.3732e-05 
MS SC 0.00015 0.008176615 0.01269 0 0 2.25e-08 0.0001610361 1.07664e-08 5.368979e-05 
NC SC 0.66686 0.9942764 0.01269 0 0 0.4447023 0.0001610361 0.000159198 0.1483408 
NH SC 0.95697 1 0.01269 1 0 0.001851581 0.0001610361 0.0001610361 0.000724551 
NM SC 0.98983 1 0.01269 1 0 0.0001034289 0.0001610361 0.0001610361 0.0001418337 
NV SC 0.6528 0.9869174 0.01269 1 0 0.1205478 0.0001610361 0.0001568501 0.04028858 
OH SC 0.28412 0.8683565 0.01269 0 0 0.08072417 0.0001610361 0.0001214281 0.02700221 
PA SC 0.94161 1 0.01269 0 0 0.8866294 0.0001610361 0.0001610361 0.2956505 
TX SC 0.00034 0.01144726 0.01269 0 0 1.156e-07 0.0001610361 2.110214e-08 5.372427e-05 
VA SC 0.99059 1 0.01269 1 0 8.85481e-05 0.0001610361 0.0001610361 0.0001368734 
WI SC 0.97174 1 0.01269 0 0 0.9442786 0.0001610361 0.0001610361 0.3148669 
ME2 SC 0.75739 0.992641 0.01269 0 0 0.5736396 0.0001610361 0.0001586747 0.1913198 
NE2 SC 0.071 0.3957482 0.01269 0 0 0.005041 0.0001610361 2.522093e-05 0.001742419 
AZ TX 0.09961 0.8622398 3e-04 0 0 0.009922152 9e-08 6.691118e-08 0.003307436 
CO TX 0.95611 1 3e-04 1 0 0.001926332 9e-08 9e-08 0.0006421707 
FL TX 0.72004 0.9990089 3e-04 0 0 0.5184576 9e-08 8.982169e-08 0.1728193 
GA TX 0.0585 0.7552032 3e-04 0 0 0.00342225 9e-08 5.132986e-08 0.001140797 
IA TX 0.04226 0.7145689 3e-04 0 0 0.001785908 9e-08 4.595478e-08 0.0005953479 
ME TX 0.99598 1 3e-04 1 0 1.61604e-05 9e-08 9e-08 5.4468e-06 
MI TX 0.92071 1 3e-04 0 0 0.8477069 9e-08 9e-08 0.282569 
MN TX 0.99439 1 3e-04 1 0 3.14721e-05 9e-08 9e-08 1.05507e-05 
MO TX 0.00028 0.05351833 3e-04 0 0 7.84e-08 9e-08 2.577791e-10 5.621926e-08 
MS TX 0.00018 0.02874133 3e-04 0 0 3.24e-08 9e-08 7.434575e-11 4.082478e-08 
NC TX 0.66603 0.9990089 3e-04 0 0 0.443596 9e-08 8.982169e-08 0.1478654 
NH TX 0.95604 1 3e-04 1 0 0.001932482 9e-08 9e-08 0.0006442205 
NM TX 0.99001 1 3e-04 1 0 9.98001e-05 9e-08 9e-08 3.33267e-05 
NV TX 0.65081 0.9990089 3e-04 1 0 0.1219337 9e-08 8.982169e-08 0.04064461 
OH TX 0.28186 0.9841427 3e-04 0 0 0.07944506 9e-08 8.716832e-08 0.02648175 
PA TX 0.942 1 3e-04 0 0 0.887364 9e-08 9e-08 0.2957881 
SC TX 0.01219 0.4578791 3e-04 0 0 0.0001485961 9e-08 1.886879e-08 4.956832e-05 
VA TX 0.99054 1 3e-04 1 0 8.94916e-05 9e-08 9e-08 2.989053e-05 
WI TX 0.9701 1 3e-04 0 0 0.941094 9e-08 9e-08 0.3136981 
ME2 TX 0.7563 1 3e-04 0 0 0.5719897 9e-08 9e-08 0.1906633 
NE2 TX 0.07147 0.6065411 3e-04 0 0 0.005107961 9e-08 3.311029e-08 0.001702695 
AZ VA 0.09894 0.101007 0.99067 0 1 0.009789124 8.70489e-05 0.01001293 0.006629702 
CO VA 0.95614 0.959981 0.99067 1 1 0.0019237 8.70489e-05 0.002398611 0.001469786 
FL VA 0.71841 0.7262709 0.99067 0 1 0.5161129 8.70489e-05 0.5176728 0.3446243 
GA VA 0.05539 0.05846287 0.99067 0 1 0.003068052 8.70489e-05 0.003354427 0.002169843 
IA VA 0.0431 0.04388756 0.99067 0 1 0.00185761 8.70489e-05 0.001890344 0.001278334 
ME VA 0.99563 0.9965355 0.99067 1 1 1.90969e-05 8.70489e-05 0.0001628742 8.967333e-05 
MI VA 0.92212 0.9271436 0.99067 0 1 0.8503053 8.70489e-05 0.8436301 0.5646741 
MN VA 0.9949 0.9955557 0.99067 1 1 2.601e-05 8.70489e-05 0.000188591 0.00010055 
MO VA 0.00029 0.0003232225 0.99067 0 1 8.41e-08 8.70489e-05 1.025324e-07 2.907851e-05 
MS VA 0.00016 0.0003030211 0.99067 0 1 2.56e-08 8.70489e-05 9.01164e-08 2.905487e-05 
NC VA 0.66762 0.6726261 0.99067 0 1 0.4457165 8.70489e-05 0.444023 0.2966088 
NH VA 0.95603 0.9601931 0.99067 1 1 0.001933361 8.70489e-05 0.002378072 0.00146616 
NM VA 0.98997 0.9917881 0.99067 1 1 0.0001006009 8.70489e-05 0.0003050352 0.0001642283 
NV VA 0.65256 0.6566468 0.99067 1 1 0.1207146 8.70489e-05 0.1221361 0.08097923 
OH VA 0.28301 0.2856479 0.99067 0 1 0.08009466 8.70489e-05 0.08007927 0.05342033 
PA VA 0.94185 0.9474965 0.99067 0 1 0.8870814 8.70489e-05 0.8810758 0.5894148 
SC VA 0.01247 0.0129289 0.99067 0 1 0.0001555009 8.70489e-05 0.0001640519 0.0001355339 
TX VA 0.00029 0.0004242296 0.99067 0 1 8.41e-08 8.70489e-05 1.766281e-07 2.910321e-05 
WI VA 0.97174 0.9743644 0.99067 0 1 0.9442786 8.70489e-05 0.9317531 0.6253729 
ME2 VA 0.75607 0.7609062 0.99067 0 1 0.5716418 8.70489e-05 0.568225 0.3799846 
NE2 VA 0.07079 0.07358363 0.99067 0 1 0.005011224 8.70489e-05 0.005313986 0.003470753 
AZ WI 0.10044 0.1026225 0.97124 0 0 0.01008819 0.9433071 0.009934323 0.3211099 
CO WI 0.95661 0.9649956 0.97124 1 0 0.001882692 0.9433071 0.8784232 0.607871 
FL WI 0.71731 0.735906 0.97124 0 0 0.5145336 0.9433071 0.5108552 0.656232 
GA WI 0.05824 0.05931269 0.97124 0 0 0.003391898 0.9433071 0.00331855 0.3166725 
IA WI 0.04304 0.04363955 0.97124 0 0 0.001852442 0.9433071 0.001796444 0.315652 
ME WI 0.99592 0.9976609 0.97124 1 0 1.66464e-05 0.9433071 0.9388993 0.6274077 
MI WI 0.92143 0.9334742 0.97124 0 0 0.8490332 0.9433071 0.8219733 0.8714379 
MN WI 0.99452 0.9970117 0.97124 1 0 3.00304e-05 0.9433071 0.9376778 0.627005 
MO WI 3e-04 0.0003194394 0.97124 0 0 9e-08 0.9433071 9.625653e-08 0.3144358 
MS WI 0.00029 8.243598e-05 0.97124 0 0 8.41e-08 0.9433071 6.410424e-09 0.3144357 
NC WI 0.66733 0.6857128 0.97124 0 0 0.4453293 0.9433071 0.443545 0.6107271 
NH WI 0.95577 0.9642846 0.97124 1 0 0.001956293 0.9433071 0.8771292 0.6074642 
NM WI 0.98967 0.9928384 0.97124 1 0 0.0001067089 0.9433071 0.9298443 0.6244194 
NV WI 0.65062 0.6684219 0.97124 1 0 0.1220664 0.9433071 0.4214581 0.4956105 
OH WI 0.28025 0.2922459 0.97124 0 0 0.07854006 0.9433071 0.08056564 0.3674709 
PA WI 0.94262 0.9537019 0.97124 0 0 0.8885325 0.9433071 0.8579825 0.8966074 
SC WI 0.01274 0.01231388 0.97124 0 0 0.0001623076 0.9433071 0.0001430351 0.3145375 
TX WI 0.00026 0.0003400484 0.97124 0 0 6.76e-08 0.9433071 1.090774e-07 0.3144358 
VA WI 0.99037 0.9941883 0.97124 1 0 9.27369e-05 0.9433071 0.9323745 0.6252581 
ME2 WI 0.75674 0.7694266 0.97124 0 0 0.5726554 0.9433071 0.5584541 0.6914722 
NE2 WI 0.07164 0.07532588 0.97124 0 0 0.00513229 0.9433071 0.005352314 0.3179306 
AZ ME2 0.10093 0.1272439 0.7557 0 0 0.01018686 0.5710825 0.0092464 0.1968386 
CO ME2 0.95592 0.9805155 0.7557 1 0 0.001943046 0.5710825 0.5490448 0.3740235 
FL ME2 0.7207 0.8028685 0.7557 0 0 0.5194085 0.5710825 0.3681185 0.4862032 
GA ME2 0.05788 0.07360212 0.7557 0 0 0.003350094 0.5710825 0.003093709 0.1925088 
IA ME2 0.04352 0.05517515 0.7557 0 0 0.00189399 0.5710825 0.001738545 0.1915717 
ME ME2 0.99577 1 0.7557 1 0 1.78929e-05 0.5710825 0.5710825 0.3807276 
MI ME2 0.92156 0.9593391 0.7557 0 0 0.8492728 0.5710825 0.5255852 0.6486468 
MN ME2 0.99464 0.9987707 0.7557 1 0 2.87296e-05 0.5710825 0.5696792 0.3802635 
MO ME2 0.00022 0.0002247191 0.7557 0 0 4.84e-08 0.5710825 2.883891e-08 0.1903609 
MS ME2 0.00014 0.0002511566 0.7557 0 0 1.96e-08 0.5710825 3.602369e-08 0.1903608 
NC ME2 0.66904 0.7563384 0.7557 0 0 0.4476145 0.5710825 0.3266865 0.4484612 
NH ME2 0.95611 0.9810972 0.7557 1 0 0.001926332 0.5710825 0.5496964 0.3742351 
NM ME2 0.99013 0.9967878 0.7557 1 0 9.74169e-05 0.5710825 0.5674196 0.3795332 
NV ME2 0.65228 0.7378982 0.7557 1 0 0.1209092 0.5710825 0.3109509 0.3343142 
OH ME2 0.28475 0.3493721 0.7557 0 0 0.08108256 0.5710825 0.06970683 0.240624 
PA ME2 0.94281 0.9749108 0.7557 0 0 0.8888907 0.5710825 0.5427859 0.6675864 
SC ME2 0.01292 0.01641771 0.7557 0 0 0.0001669264 0.5710825 0.0001539303 0.1904678 
TX ME2 0.00028 0.0005023133 0.7557 0 0 7.84e-08 0.5710825 1.440948e-07 0.1903609 
VA ME2 0.99052 0.9975017 0.7557 1 0 8.98704e-05 0.5710825 0.5682325 0.3798016 
WI ME2 0.9715 0.9894646 0.7557 0 0 0.9438123 0.5710825 0.5591128 0.6913358 
NE2 ME2 0.07372 0.08991408 0.7557 0 0 0.005434638 0.5710825 0.00461694 0.1937114 
AZ NE2 0.10184 0.3342073 0.07243 0 0 0.01037139 0.005246105 0.000585961 0.005401151 
CO NE2 0.95602 0.9982062 0.07243 1 0 0.00193424 0.005246105 0.0052273 0.004135882 
FL NE2 0.72011 0.9465986 0.07243 0 0 0.5185584 0.005246105 0.004700767 0.1761684 
GA NE2 0.05747 0.2245067 0.07243 0 0 0.003302801 0.005246105 0.0002644208 0.002937776 
IA NE2 0.04275 0.1869739 0.07243 0 0 0.001827563 0.005246105 0.0001833999 0.002419022 
ME NE2 0.9955 1 0.07243 1 0 2.025e-05 0.005246105 0.005246105 0.003504153 
MI NE2 0.9216 0.9944805 0.07243 0 0 0.8493466 0.005246105 0.005188353 0.2865937 
MN NE2 0.99474 1 0.07243 1 0 2.76676e-05 0.005246105 0.005246105 0.003506626 
MO NE2 0.00023 0.002759763 0.07243 0 0 5.29e-08 0.005246105 3.995586e-08 0.001748733 
MS NE2 0.00028 0.001517869 0.07243 0 0 7.84e-08 0.005246105 1.208665e-08 0.001748732 
NC NE2 0.66829 0.9351456 0.07243 0 0 0.4466115 0.005246105 0.004587704 0.1521484 
NH NE2 0.9564 0.9979302 0.07243 1 0 0.00190096 0.005246105 0.00522441 0.004123825 
NM NE2 0.99048 0.999448 0.07243 1 0 9.06304e-05 0.005246105 0.005240315 0.003525684 
NV NE2 0.65159 0.9261763 0.07243 1 0 0.1213895 0.005246105 0.004500123 0.04371192 
OH NE2 0.28462 0.6348834 0.07243 0 0 0.08100854 0.005246105 0.002114584 0.02945641 
PA NE2 0.94295 0.9971022 0.07243 0 0 0.8891547 0.005246105 0.005215745 0.2998722 
SC NE2 0.01272 0.06292259 0.07243 0 0 0.0001617984 0.005246105 2.077065e-05 0.001809558 
TX NE2 0.00039 0.004277632 0.07243 0 0 1.521e-07 0.005246105 9.599394e-08 0.001748784 
VA NE2 0.99039 0.999862 0.07243 1 0 9.23521e-05 0.005246105 0.005244657 0.003527705 
WI NE2 0.97165 0.999586 0.07243 0 0 0.9441037 0.005246105 0.005241762 0.3181972 
ME2 NE2 0.75504 0.9432869 0.07243 0 0 0.5700854 0.005246105 0.004667932 0.1933331 
The average brier score with the third way of testing it is(CC) 0.1877731