State: Win Prob: Outcome: Brier Score: 
AK 5e-05 0 2.5e-09 
AL 0 0 0 
AR 0 0 0 
AZ 0.10011 0 0.01002201 
CA 1 1 0 
CO 0.9565 1 0.00189225 
CT 1 1 0 
DE 1 1 0 
FL 0.71968 0 0.5179393 
GA 0.05827 0 0.003395393 
HI 1 1 0 
IA 0.04305 0 0.001853302 
ID 0 0 0 
IL 1 1 0 
IN 0 0 0 
KS 0 0 0 
KY 0 0 0 
LA 0 0 0 
MA 1 1 0 
MD 1 1 0 
ME 0.99555 1 1.98025e-05 
MI 0.92062 0 0.8475412 
MN 0.99444 1 3.09136e-05 
MO 0.00019 0 3.61e-08 
MS 0.00019 0 3.61e-08 
MT 0 0 0 
NC 0.66938 0 0.4480696 
ND 0 0 0 
NE 0 0 0 
NH 0.9558 1 0.00195364 
NJ 1 1 0 
NM 0.99037 1 9.27369e-05 
NV 0.64978 1 0.122654 
NY 1 1 0 
OH 0.28461 0 0.08100285 
OK 0 0 0 
OR 0.99996 1 1.6e-09 
PA 0.94349 0 0.8901734 
RI 1 1 0 
SC 0.01197 0 0.0001432809 
SD 0 0 0 
TN 0 0 0 
TX 4e-04 0 1.6e-07 
UT 0 0 0 
VA 0.99057 1 8.89249e-05 
VT 1 1 0 
WA 1 1 0 
WI 0.97174 0 0.9442786 
WV 0 0 0 
WY 0 0 0 
ME1 0.99995 1 2.5e-09 
ME2 0.75842 0 0.5752009 
DC 1 1 0 
NE1 2e-05 0 4e-10 
NE2 0.07541 0 0.005686668 
NE3 0 0 0 
The average state wide brier score is 0.0795007