State1: State2: Win Prob(State1): Conditional Prob(State1): Win Prob(State2): Outcome1: Outcome2: Brier Score(State1): Brier Score(State2): Brier Score(Conditional): Brier Score(Average)
CO AZ 0.04363 0.000395922 0.10167 1 0 0.9146436 0.01033679 1.620335e-09 0.3083268 
FL AZ 0.27849 0.01910324 0.10167 0 0 0.07755668 0.01033679 3.772242e-06 0.02929908 
GA AZ 0.9427 0.7303771 0.10167 0 0 0.8886833 0.01033679 0.005514168 0.3015114 
IA AZ 0.95734 0.7889736 0.10167 0 0 0.9164999 0.01033679 0.006434437 0.3110904 
ME AZ 0.00453 0 0.10167 1 0 0.9909605 0.01033679 0 0.3337658 
MI AZ 0.07874 0.001484708 0.10167 0 0 0.006199988 0.01033679 2.278597e-08 0.005512266 
MN AZ 0.00587 0 0.10167 1 0 0.9882945 0.01033679 0 0.3328771 
MO AZ 0.99977 0.9976245 0.10167 0 0 0.9995401 0.01033679 0.01028774 0.3400549 
MS AZ 0.99979 0.9986143 0.10167 0 0 0.99958 0.01033679 0.01030816 0.340075 
NC AZ 0.33253 0.03028803 0.10167 0 0 0.1105762 0.01033679 9.482608e-06 0.04030749 
NH AZ 0.04367 9.89805e-05 0.10167 1 0 0.9145671 0.01033679 1.01271e-10 0.3083013 
NM AZ 0.01 0 0.10167 1 0 0.9801 0.01033679 0 0.3301456 
NV AZ 0.34827 0.03711769 0.10167 1 0 0.424752 0.01033679 1.424123e-05 0.1450343 
OH AZ 0.71485 0.259032 0.10167 0 0 0.5110105 0.01033679 0.0006935733 0.1740136 
PA AZ 0.05728 0.0002969415 0.10167 0 0 0.003280998 0.01033679 9.114387e-10 0.004539263 
SC AZ 0.98843 0.9206176 0.10167 0 0 0.9769939 0.01033679 0.008760809 0.3320305 
TX AZ 0.99976 0.9976245 0.10167 0 0 0.9995201 0.01033679 0.01028774 0.3400482 
VA AZ 0.0093 0 0.10167 1 0 0.9814865 0.01033679 0 0.3306078 
WI AZ 0.02865 0 0.10167 0 0 0.0008208225 0.01033679 0 0.003719204 
ME2 AZ 0.2435 0.03216866 0.10167 0 0 0.05929225 0.01033679 1.069675e-05 0.02321325 
NE2 AZ 0.92237 0.7402752 0.10167 0 0 0.8507664 0.01033679 0.005664636 0.2889226 
AZ CO 0.89972 0.8954779 0.95607 0 1 0.01005608 0.001929845 0.02069583 0.01089392 
FL CO 0.27991 0.2537004 0.95607 0 1 0.5185296 0.001929845 0.5737224 0.3647273 
GA CO 0.94215 0.9395483 0.95607 0 1 0.003346622 0.001929845 0.01034819 0.005208219 
IA CO 0.95752 0.9547057 0.95607 0 1 0.00180455 0.001929845 0.007609863 0.003781419 
ME CO 0.00444 0.00234317 0.95607 1 1 0.9911397 0.001929845 5.01865e-06 0.3310249 
MI CO 0.07911 0.06337019 0.95607 0 1 0.8480384 0.001929845 0.882498 0.5774888 
MN CO 0.0055 0.00307541 0.95607 1 1 0.9890303 0.001929845 8.645408e-06 0.3303229 
MO CO 0.99974 0.9996966 0.95607 0 1 6.76e-08 0.001929845 0.001955411 0.001295108 
MS CO 0.99977 0.9998536 0.95607 0 1 5.29e-08 0.001929845 0.001942166 0.001290688 
NC CO 0.33535 0.3080536 0.95607 0 1 0.4417596 0.001929845 0.4977009 0.3137968 
NH CO 0.04403 0.03221858 0.95607 1 1 0.9138786 0.001929845 0.0009488385 0.3055858 
NM CO 0.00996 0.006203124 0.95607 1 1 0.9801792 0.001929845 3.517226e-05 0.3273814 
NV CO 0.3488 0.3261504 0.95607 1 1 0.4240614 0.001929845 0.09723334 0.1744082 
OH CO 0.71445 0.7041121 0.95607 0 1 0.0815388 0.001929845 0.106811 0.06342656 
PA CO 0.05866 0.04144482 0.95607 0 1 0.886121 0.001929845 0.9223218 0.6034575 
SC CO 0.98714 0.9868824 0.95607 0 1 0.0001653796 0.001929845 0.003189009 0.001761411 
TX CO 0.99962 0.9996757 0.95607 0 1 1.444e-07 0.001929845 0.00195718 0.001295723 
VA CO 0.00976 0.004989696 0.95607 1 1 0.9805753 0.001929845 2.275766e-05 0.3275093 
WI CO 0.02928 0.01963451 0.95607 0 1 0.9422973 0.001929845 0.9628085 0.6356785 
ME2 CO 0.24474 0.2279883 0.95607 0 1 0.5704177 0.001929845 0.6115665 0.394638 
NE2 CO 0.92235 0.9197883 0.95607 0 1 0.006029522 0.001929845 0.01454871 0.007502691 
AZ FL 0.89849 0.8624671 0.71938 0 0 0.8072843 0.5175076 0.3849478 0.5699132 
CO FL 0.04403 0.0102227 0.71938 1 0 0.9138786 0.5175076 5.408139e-05 0.4771468 
GA FL 0.94124 0.9214774 0.71938 0 0 0.8859327 0.5175076 0.4394264 0.6142889 
IA FL 0.95623 0.9396248 0.71938 0 0 0.9143758 0.5175076 0.4569047 0.629596 
ME FL 0.00441 0.0004317489 0.71938 1 0 0.9911994 0.5175076 9.646708e-08 0.5029024 
MI FL 0.07912 0.02756229 0.71938 0 0 0.006259974 0.5175076 0.0003931401 0.1747202 
MN FL 0.0051 0.0007242239 0.71938 1 0 0.989826 0.5175076 2.714329e-07 0.5024446 
MO FL 0.99976 0.9995543 0.71938 0 0 0.9995201 0.5175076 0.5170464 0.6780247 
MS FL 0.99976 0.9997215 0.71938 0 0 0.9995201 0.5175076 0.5172193 0.6780823 
NC FL 0.33384 0.2002479 0.71938 0 0 0.1114491 0.5175076 0.02075165 0.2165695 
NH FL 0.04426 0.01213075 0.71938 1 0 0.9134389 0.5175076 7.615388e-05 0.4770076 
NM FL 0.01027 0.001518085 0.71938 1 0 0.9795655 0.5175076 1.192638e-06 0.4990247 
NV FL 0.34904 0.2285344 0.71938 1 0 0.4237489 0.5175076 0.02702838 0.3227616 
OH FL 0.71579 0.6247406 0.71938 0 0 0.5123553 0.5175076 0.2019836 0.4106155 
PA FL 0.05733 0.01545939 0.71938 0 0 0.003286729 0.5175076 0.0001236806 0.1736393 
SC FL 0.98762 0.9830086 0.71938 0 0 0.9753933 0.5175076 0.5000706 0.6643238 
TX FL 0.9997 0.9995125 0.71938 0 0 0.9994001 0.5175076 0.5170032 0.6779703 
VA FL 0.0097 0.001197755 0.71938 1 0 0.9806941 0.5175076 7.424251e-07 0.4994008 
WI FL 0.02858 0.00590521 0.71938 0 0 0.0008168164 0.5175076 1.804627e-05 0.1727808 
ME2 FL 0.24623 0.1572401 0.71938 0 0 0.06062921 0.5175076 0.0127951 0.1969773 
NE2 FL 0.92276 0.8966449 0.71938 0 0 0.851486 0.5175076 0.4160616 0.5950184 
AZ GA 0.89938 0.5310489 0.05637 0 0 0.8088844 0.003177577 0.0008961177 0.270986 
CO GA 0.04487 0 0.05637 1 0 0.9122733 0.003177577 0 0.3051503 
FL GA 0.28121 0.01078448 0.05637 0 0 0.07907906 0.003177577 3.695684e-07 0.027419 
IA GA 0.95678 0.723778 0.05637 0 0 0.915428 0.003177577 0.001664588 0.3067567 
ME GA 0.00458 0 0.05637 1 0 0.990861 0.003177577 0 0.3313462 
MI GA 0.07993 0.00104366 0.05637 0 0 0.006388805 0.003177577 3.461098e-09 0.003188795 
MN GA 0.00499 0 0.05637 1 0 0.9900449 0.003177577 0 0.3310742 
MO GA 0.9997 0.993738 0.05637 0 0 0.9994001 0.003177577 0.003137906 0.3352385 
MS GA 0.99975 0.9977387 0.05637 0 0 0.9995001 0.003177577 0.003163222 0.3352803 
NC GA 0.33318 0.01756827 0.05637 0 0 0.1110089 0.003177577 9.807407e-07 0.03806249 
NH GA 0.0446 0.0001739433 0.05637 1 0 0.9127892 0.003177577 9.614162e-11 0.3053222 
NM GA 0.01067 0 0.05637 1 0 0.9787738 0.003177577 0 0.3273171 
NV GA 0.34995 0.02817881 0.05637 1 0 0.422565 0.003177577 2.523141e-06 0.141915 
OH GA 0.71623 0.2130805 0.05637 0 0 0.5129854 0.003177577 0.0001442725 0.1721024 
PA GA 0.05805 0.0001739433 0.05637 0 0 0.003369803 0.003177577 9.614162e-11 0.00218246 
SC GA 0.98794 0.9027657 0.05637 0 0 0.9760254 0.003177577 0.00258968 0.3272642 
TX GA 0.99962 0.9958254 0.05637 0 0 0.9992401 0.003177577 0.003151102 0.3351896 
VA GA 0.01 0 0.05637 1 0 0.9801 0.003177577 0 0.3277592 
WI GA 0.02867 0 0.05637 0 0 0.0008219689 0.003177577 0 0.001333182 
ME2 GA 0.2445 0.0220908 0.05637 0 0 0.05978025 0.003177577 1.550668e-06 0.02098646 
NE2 GA 0.92433 0.6787267 0.05637 0 0 0.8543859 0.003177577 0.001463814 0.2863424 
AZ IA 0.90012 0.5073035 0.04245 0 0 0.810216 0.001802003 0.0004637577 0.2708273 
CO IA 0.04316 0 0.04245 1 0 0.9155428 0.001802003 0 0.3057816 
FL IA 0.27961 0.009506144 0.04245 0 0 0.07818175 0.001802003 1.628412e-07 0.02666131 
GA IA 0.94333 0.6434037 0.04245 0 0 0.8898715 0.001802003 0.0007459719 0.2974732 
ME IA 0.00401 0 0.04245 1 0 0.9919961 0.001802003 0 0.331266 
MI IA 0.07946 0.0002318572 0.04245 0 0 0.006313892 0.001802003 9.68716e-11 0.002705298 
MN IA 0.00526 0 0.04245 1 0 0.9895077 0.001802003 0 0.3304366 
MO IA 0.99979 0.9937399 0.04245 0 0 0.99958 0.001802003 0.001779512 0.3343872 
MS IA 0.99986 0.9986089 0.04245 0 0 0.99972 0.001802003 0.001796992 0.3344397 
NC IA 0.33258 0.01437514 0.04245 0 0 0.1106095 0.001802003 3.723744e-07 0.03747061 
NH IA 0.0447 0.0004637144 0.04245 1 0 0.9125981 0.001802003 3.874864e-10 0.3048 
NM IA 0.00952 0 0.04245 1 0 0.9810506 0.001802003 0 0.3276175 
NV IA 0.34894 0.02527243 0.04245 1 0 0.4238791 0.001802003 1.150931e-06 0.1418941 
OH IA 0.71504 0.1648505 0.04245 0 0 0.5112822 0.001802003 4.897063e-05 0.1710444 
PA IA 0.05768 0.0002318572 0.04245 0 0 0.003326982 0.001802003 9.68716e-11 0.001709662 
SC IA 0.9883 0.8824484 0.04245 0 0 0.9767369 0.001802003 0.001403247 0.3266474 
TX IA 0.99962 0.9923487 0.04245 0 0 0.9992401 0.001802003 0.001774533 0.3342722 
VA IA 0.00964 0 0.04245 1 0 0.9808129 0.001802003 0 0.3275383 
WI IA 0.02867 0 0.04245 0 0 0.0008219689 0.001802003 0 0.0008746571 
ME2 IA 0.24332 0.017853 0.04245 0 0 0.05920462 0.001802003 5.743517e-07 0.02033573 
NE2 IA 0.92296 0.6596337 0.04245 0 0 0.8518552 0.001802003 0.0007840812 0.2848137 
AZ ME 0.90139 0.8980326 0.99559 0 1 0.009723932 1.94481e-05 0.01122069 0.006988024 
CO ME 0.04285 0.04173906 0.99559 1 1 0.9161361 1.94481e-05 0.001726817 0.3059608 
FL ME 0.28099 0.2755822 0.99559 0 1 0.5169754 1.94481e-05 0.5265434 0.3478461 
GA ME 0.94412 0.9418305 0.99559 0 1 0.003122574 1.94481e-05 0.003884159 0.00234206 
IA ME 0.95808 0.9565837 0.99559 0 1 0.001757286 1.94481e-05 0.002269073 0.001348603 
MI ME 0.07951 0.07532314 0.99559 0 1 0.8473018 1.94481e-05 0.8556417 0.5676543 
MN ME 0.00524 0.005061715 0.99559 1 1 0.9895475 1.94481e-05 2.539548e-05 0.3298641 
MO ME 0.99978 0.999769 0.99559 0 1 4.84e-08 1.94481e-05 2.152934e-05 1.367528e-05 
MS ME 0.99979 0.9997891 0.99559 0 1 4.41e-08 1.94481e-05 2.134417e-05 1.361212e-05 
NC ME 0.33479 0.3297848 0.99559 0 1 0.4425043 1.94481e-05 0.45114 0.2978879 
NH ME 0.04432 0.04247221 0.99559 1 1 0.9133243 1.94481e-05 0.001788013 0.3050439 
NM ME 0.00993 0.009038776 0.99559 1 1 0.9802386 1.94481e-05 8.098048e-05 0.3267797 
NV ME 0.34913 0.3450302 0.99559 1 1 0.4236318 1.94481e-05 0.1179982 0.1805498 
OH ME 0.71804 0.7150275 0.99559 0 1 0.07950144 1.94481e-05 0.08301648 0.05417912 
PA ME 0.0572 0.05528718 0.99559 0 1 0.8888718 1.94481e-05 0.892943 0.5939448 
SC ME 0.98772 0.9876972 0.99559 0 1 0.0001507984 1.94481e-05 0.0002775064 0.000149251 
TX ME 0.99966 0.9997489 0.99559 0 1 1.156e-07 1.94481e-05 2.171532e-05 1.375967e-05 
VA ME 0.00947 0.008466321 0.99559 1 1 0.9811497 1.94481e-05 7.104777e-05 0.3270801 
WI ME 0.02917 0.02754818 0.99559 0 1 0.9425109 1.94481e-05 0.9458988 0.6294764 
ME2 ME 0.24356 0.24242 0.99559 0 1 0.5722015 1.94481e-05 0.5755484 0.3825898 
NE2 ME 0.92337 0.9244057 0.99559 0 1 0.005872157 1.94481e-05 0.006347457 0.004079687 
AZ MI 0.89912 0.8893717 0.92257 0 0 0.8084168 0.8511354 0.6732329 0.777595 
CO MI 0.04268 0.02594327 0.92257 1 0 0.9164616 0.8511354 0.0005728594 0.5893899 
FL MI 0.27899 0.239671 0.92257 0 0 0.07783542 0.8511354 0.0488911 0.325954 
GA MI 0.94194 0.937608 0.92257 0 0 0.887251 0.8511354 0.7482405 0.8288756 
IA MI 0.9568 0.9529262 0.92257 0 0 0.9154662 0.8511354 0.7728892 0.8464969 
ME MI 0.00418 0.001825155 0.92257 1 0 0.9916575 0.8511354 2.835293e-06 0.6142652 
MN MI 0.00543 0.002096755 0.92257 1 0 0.9891695 0.8511354 3.741916e-06 0.6134362 
MO MI 0.99965 0.9996632 0.92257 0 0 0.9993001 0.8511354 0.8505622 0.9003326 
MS MI 0.99984 0.9997175 0.92257 0 0 0.99968 0.8511354 0.8506546 0.90049 
NC MI 0.3299 0.2915902 0.92257 0 0 0.108834 0.8511354 0.07236764 0.3441124 
NH MI 0.04292 0.02724695 0.92257 1 0 0.9160021 0.8511354 0.0006318798 0.5892565 
NM MI 0.00979 0.005062631 0.92257 1 0 0.9805158 0.8511354 2.18148e-05 0.6105577 
NV MI 0.34765 0.3084294 0.92257 1 0 0.4255605 0.8511354 0.08096739 0.4525544 
OH MI 0.71467 0.6943083 0.92257 0 0 0.5107532 0.8511354 0.4103018 0.5907301 
PA MI 0.05523 0.03630754 0.92257 0 0 0.003050353 0.8511354 0.001121998 0.2851026 
SC MI 0.98739 0.9864526 0.92257 0 0 0.974939 0.8511354 0.8282302 0.8847682 
TX MI 0.99964 0.9996415 0.92257 0 0 0.9992801 0.8511354 0.8505252 0.9003136 
VA MI 0.00873 0.003834997 0.92257 1 0 0.9826162 0.8511354 1.251782e-05 0.6112547 
WI MI 0.02805 0.01590492 0.92257 0 0 0.0007868025 0.8511354 0.0002153087 0.2840458 
ME2 MI 0.24301 0.2124784 0.92257 0 0 0.05905386 0.8511354 0.03842627 0.3162052 
NE2 MI 0.92399 0.9180527 0.92257 0 0 0.8537575 0.8511354 0.7173546 0.8074159 
AZ MN 0.90047 0.8994017 0.9947 0 1 0.009906221 2.809e-05 0.01110181 0.007012042 
CO MN 0.04329 0.04196289 0.9947 1 1 0.915294 2.809e-05 0.001742269 0.3056881 
FL MN 0.28077 0.2773392 0.9947 0 1 0.5172918 2.809e-05 0.5243652 0.3472284 
GA MN 0.94221 0.9430238 0.9947 0 1 0.003339684 2.809e-05 0.003840807 0.00240286 
IA MN 0.95661 0.957293 0.9947 0 1 0.001882692 2.809e-05 0.002282993 0.001397925 
ME MN 0.00446 0.003338529 0.9947 1 1 0.9910999 2.809e-05 1.102794e-05 0.3303797 
MI MN 0.07862 0.07652471 0.9947 0 1 0.8489411 2.809e-05 0.8535559 0.5675084 
MO MN 0.99965 0.9997285 0.9947 0 1 1.225e-07 2.809e-05 3.102566e-05 1.974605e-05 
MS MN 0.99978 0.9997989 0.9947 0 1 4.84e-08 2.809e-05 3.025055e-05 1.946298e-05 
NC MN 0.33465 0.3290864 0.9947 0 1 0.4426906 2.809e-05 0.4524684 0.2983957 
NH MN 0.04409 0.04163105 0.9947 1 1 0.9137639 2.809e-05 0.001714822 0.3051689 
NM MN 0.00997 0.009100508 0.9947 1 1 0.9801594 2.809e-05 8.194368e-05 0.3267565 
NV MN 0.34931 0.3452863 0.9947 1 1 0.4233975 2.809e-05 0.1179622 0.1804626 
OH MN 0.71628 0.7146463 0.9947 0 1 0.08049704 2.809e-05 0.08360271 0.05470928 
PA MN 0.0576 0.05475388 0.9947 0 1 0.8881178 2.809e-05 0.8940389 0.5940616 
SC MN 0.98721 0.9875811 0.9947 0 1 0.0001635841 2.809e-05 0.0003116321 0.0001677687 
TX MN 0.99962 0.9997385 0.9947 0 1 1.444e-07 2.809e-05 3.091433e-05 1.971624e-05 
VA MN 0.0099 0.008647996 0.9947 1 1 0.980298 2.809e-05 7.399719e-05 0.3268 
WI MN 0.02841 0.02574287 0.9947 0 1 0.9439871 2.809e-05 0.9494428 0.6311527 
ME2 MN 0.24623 0.2414802 0.9947 0 1 0.5681692 2.809e-05 0.5772955 0.3818309 
NE2 MN 0.92358 0.9229021 0.9947 0 1 0.005840016 2.809e-05 0.006722241 0.004196783 
AZ MO 0.90015 0.1001965 0.00034 0 0 0.81027 1.156e-07 1.160547e-09 0.27009 
CO MO 0.04413 0 0.00034 1 0 0.9136875 1.156e-07 0 0.3045625 
FL MO 0.28036 0 0.00034 0 0 0.07860173 1.156e-07 0 0.02620062 
GA MO 0.94305 0.1925344 0.00034 0 0 0.8893433 1.156e-07 4.285233e-09 0.2964478 
IA MO 0.95703 0.2721022 0.00034 0 0 0.9159064 1.156e-07 8.558976e-09 0.3053022 
ME MO 0.00488 0 0.00034 1 0 0.9902638 1.156e-07 0 0.330088 
MI MO 0.07959 0 0.00034 0 0 0.006334568 1.156e-07 0 0.002111561 
MN MO 0.00511 0 0.00034 1 0 0.9898061 1.156e-07 0 0.3299354 
MS MO 0.99972 0.9666012 0.00034 0 0 0.9994401 1.156e-07 1.080071e-07 0.3331468 
NC MO 0.33305 0 0.00034 0 0 0.1109223 1.156e-07 0 0.03697414 
NH MO 0.04388 0 0.00034 1 0 0.9141655 1.156e-07 0 0.3047219 
NM MO 0.01003 0 0.00034 1 0 0.9800406 1.156e-07 0 0.3266802 
NV MO 0.34665 0.0009823183 0.00034 1 0 0.4268662 1.156e-07 1.115481e-13 0.1422888 
OH MO 0.71571 0.01473477 0.00034 0 0 0.5122408 1.156e-07 2.509833e-11 0.170747 
PA MO 0.05687 0 0.00034 0 0 0.003234197 1.156e-07 0 0.001078104 
SC MO 0.98748 0.5176817 0.00034 0 0 0.9751168 1.156e-07 3.098015e-08 0.325039 
TX MO 0.9996 0.9332024 0.00034 0 0 0.9992002 1.156e-07 1.006722e-07 0.3330668 
VA MO 0.00967 0 0.00034 1 0 0.9807535 1.156e-07 0 0.3269179 
WI MO 0.02881 0 0.00034 0 0 0.0008300161 1.156e-07 0 0.0002767106 
ME2 MO 0.24422 0.001964637 0.00034 0 0 0.05964341 1.156e-07 4.461925e-13 0.01988117 
NE2 MO 0.92326 0.280943 0.00034 0 0 0.852409 1.156e-07 9.124191e-09 0.2841364 
AZ MS 0.90192 0.1840796 0.00017 0 0 0.8134597 2.89e-08 9.792852e-10 0.2711532 
CO MS 0.04395 0 0.00017 1 0 0.9140316 2.89e-08 0 0.3046772 
FL MS 0.2811 0 0.00017 0 0 0.07901721 2.89e-08 0 0.02633908 
GA MS 0.94417 0.2756219 0.00017 0 0 0.891457 2.89e-08 2.195459e-09 0.2971523 
IA MS 0.95755 0.3562189 0.00017 0 0 0.916902 2.89e-08 3.667176e-09 0.305634 
ME MS 0.00444 0 0.00017 1 0 0.9911397 2.89e-08 0 0.3303799 
MI MS 0.0785 0 0.00017 0 0 0.00616225 2.89e-08 0 0.002054093 
MN MS 0.00539 0 0.00017 1 0 0.9892491 2.89e-08 0 0.3297497 
MO MS 0.99973 0.9512438 0.00017 0 0 0.9994601 2.89e-08 2.615059e-08 0.3331534 
NC MS 0.33086 0 0.00017 0 0 0.1094683 2.89e-08 0 0.03648946 
NH MS 0.04459 0 0.00017 1 0 0.9128083 2.89e-08 0 0.3042694 
NM MS 0.00989 0 0.00017 1 0 0.9803178 2.89e-08 0 0.3267726 
NV MS 0.34918 0.0009950249 0.00017 1 0 0.4235667 2.89e-08 2.861315e-14 0.1411889 
OH MS 0.71697 0.03283582 0.00017 0 0 0.514046 2.89e-08 3.115972e-11 0.1713487 
PA MS 0.05719 0 0.00017 0 0 0.003270696 2.89e-08 0 0.001090242 
SC MS 0.98838 0.6208955 0.00017 0 0 0.976895 2.89e-08 1.114128e-08 0.3256317 
TX MS 0.99964 0.9432836 0.00017 0 0 0.9992801 2.89e-08 2.571476e-08 0.3330934 
VA MS 0.00963 0 0.00017 1 0 0.9808327 2.89e-08 0 0.3269443 
WI MS 0.02963 0 0.00017 0 0 0.0008779369 2.89e-08 0 0.0002926553 
ME2 MS 0.24323 0 0.00017 0 0 0.05916083 2.89e-08 0 0.01972029 
NE2 MS 0.92427 0.4179104 0.00017 0 0 0.854275 2.89e-08 5.04736e-09 0.2847584 
AZ NC 0.89989 0.8546122 0.6681 0 0 0.809802 0.4463576 0.3260027 0.5273874 
CO NC 0.04354 0.00866242 0.6681 1 0 0.9148157 0.4463576 3.349357e-05 0.4537356 
FL NC 0.27941 0.1402773 0.6681 0 0 0.07806995 0.4463576 0.008783295 0.177737 
GA NC 0.94271 0.9160884 0.6681 0 0 0.8887021 0.4463576 0.3745913 0.5698837 
IA NC 0.95738 0.9378943 0.6681 0 0 0.9165765 0.4463576 0.3926366 0.5851902 
ME NC 0.00451 0.0005844886 0.6681 1 0 0.9910003 0.4463576 1.524878e-07 0.4791194 
MI NC 0.0791 0.02128138 0.6681 0 0 0.00625681 0.4463576 0.0002021541 0.1509389 
MN NC 0.00542 0.0004645935 0.6681 1 0 0.9891894 0.4463576 9.6345e-08 0.4785157 
MO NC 0.99974 0.9997602 0.6681 0 0 0.9994801 0.4463576 0.4461436 0.6306604 
MS NC 0.99987 0.9997302 0.6681 0 0 0.99974 0.4463576 0.4461168 0.6307381 
NH NC 0.04602 0.008362683 0.6681 1 0 0.9100778 0.4463576 3.121578e-05 0.4521556 
NM NC 0.01027 0.001258898 0.6681 1 0 0.9795655 0.4463576 7.073989e-07 0.4753079 
NV NC 0.34963 0.2014987 0.6681 1 0 0.4229811 0.4463576 0.01812289 0.2958205 
OH NC 0.71446 0.6073885 0.6681 0 0 0.5104531 0.4463576 0.1646706 0.3738271 
PA NC 0.0586 0.01261896 0.6681 0 0 0.00343396 0.4463576 7.107714e-05 0.1499542 
SC NC 0.98777 0.9818059 0.6681 0 0 0.9756896 0.4463576 0.4302632 0.6174368 
TX NC 0.99969 0.9994755 0.6681 0 0 0.9993801 0.4463576 0.4458895 0.6305424 
VA NC 0.00958 0.001019108 0.6681 1 0 0.9809318 0.4463576 4.635788e-07 0.4757633 
WI NC 0.02892 0.004960659 0.6681 0 0 0.0008363664 0.4463576 1.098403e-05 0.1490683 
ME2 NC 0.24491 0.1445185 0.6681 0 0 0.05998091 0.4463576 0.009322451 0.171887 
NE2 NC 0.92227 0.8919146 0.6681 0 0 0.850582 0.4463576 0.3550827 0.5506741 
AZ NH 0.90048 0.8945335 0.95387 0 1 0.00990423 0.002127977 0.02153009 0.01118743 
CO NH 0.04422 0.03380459 0.95387 1 1 0.9135154 0.002127977 0.001039752 0.305561 
FL NH 0.2807 0.2572521 0.95387 0 1 0.5173925 0.002127977 0.5694438 0.3629881 
GA NH 0.94302 0.9407372 0.95387 0 1 0.00324672 0.002127977 0.01053886 0.00530452 
IA NH 0.95693 0.9550843 0.95387 0 1 0.001855025 0.002127977 0.007916326 0.003966443 
ME NH 0.0043 0.002262017 0.95387 1 1 0.9914185 0.002127977 4.65554e-06 0.3311837 
MI NH 0.07995 0.06305372 0.95387 0 1 0.846492 0.002127977 0.8833273 0.5773158 
MN NH 0.00553 0.002701854 0.95387 1 1 0.9889706 0.002127977 6.642048e-06 0.3303684 
MO NH 0.9998 0.9996439 0.95387 0 1 4e-08 0.002127977 0.002159427 0.001429148 
MS NH 0.99979 0.999822 0.95387 0 1 4.41e-08 0.002127977 0.002143673 0.001423898 
NC NH 0.3362 0.3098649 0.95387 0 1 0.4406304 0.002127977 0.4962204 0.312993 
NM NH 0.01007 0.006346214 0.95387 1 1 0.9799614 0.002127977 3.664442e-05 0.3273753 
NV NH 0.34909 0.3258142 0.95387 1 1 0.4236838 0.002127977 0.09658695 0.1741329 
OH NH 0.71841 0.7046078 0.95387 0 1 0.07929293 0.002127977 0.1075156 0.06297884 
PA NH 0.0597 0.04361713 0.95387 0 1 0.8841641 0.002127977 0.9185208 0.6016043 
SC NH 0.9876 0.986763 0.95387 0 1 0.00015376 0.002127977 0.003452311 0.001911349 
TX NH 0.99974 0.9997591 0.95387 0 1 6.76e-08 0.002127977 0.002149227 0.001425757 
VA NH 0.00988 0.005634098 0.95387 1 1 0.9803376 0.002127977 2.888199e-05 0.3274982 
WI NH 0.02988 0.02010682 0.95387 0 1 0.9411328 0.002127977 0.9620093 0.63509 
ME2 NH 0.24449 0.22572 0.95387 0 1 0.5707954 0.002127977 0.6157423 0.3962219 
NE2 NH 0.92353 0.9197298 0.95387 0 1 0.005847661 0.002127977 0.01505463 0.007676757 
AZ NM 0.89952 0.8992224 0.98998 0 1 0.01009623 0.0001004004 0.01205337 0.007416666 
CO NM 0.04417 0.03881034 0.98998 1 1 0.913611 0.0001004004 0.001476209 0.3050625 
FL NM 0.28324 0.2738437 0.98998 0 1 0.5137449 0.0001004004 0.5312956 0.3483803 
GA NM 0.94236 0.942143 0.98998 0 1 0.00332237 0.0001004004 0.004528923 0.002650564 
IA NM 0.95692 0.956322 0.98998 0 1 0.001855886 0.0001004004 0.002836669 0.001597652 
ME NM 0.00407 0.003443749 0.98998 1 1 0.9918766 0.0001004004 1.162293e-05 0.3306629 
MI NM 0.07983 0.0735508 0.98998 0 1 0.8467128 0.0001004004 0.8596742 0.5688291 
MN NM 0.005 0.003968895 0.98998 1 1 0.990025 0.0001004004 1.543804e-05 0.3300469 
MO NM 0.9997 0.9997778 0.98998 0 1 9e-08 0.0001004004 0.0001048566 6.8449e-05 
MS NM 0.99986 0.9998485 0.98998 0 1 1.96e-08 0.0001004004 0.0001034282 6.794941e-05 
NC NM 0.336 0.3282771 0.98998 0 1 0.440896 0.0001004004 0.4556415 0.2988793 
NH NM 0.04421 0.03988083 0.98998 1 1 0.9135345 0.0001004004 0.001558767 0.3050646 
NV NM 0.34862 0.3428701 0.98998 1 1 0.4242959 0.0001004004 0.1152158 0.1798707 
OH NM 0.7173 0.712553 0.98998 0 1 0.07991929 0.0001004004 0.08678136 0.05560035 
PA NM 0.05746 0.05238336 0.98998 0 1 0.8883817 0.0001004004 0.8989724 0.5958181 
SC NM 0.98713 0.9873864 0.98998 0 1 0.0001656369 0.0001004004 0.0005065752 0.0002575375 
TX NM 0.99973 0.9996263 0.98998 0 1 7.29e-08 0.0001004004 0.0001079504 6.947456e-05 
VA NM 0.01016 0.007382347 0.98998 1 1 0.9797832 0.0001004004 5.341236e-05 0.3266457 
WI NM 0.02881 0.02543931 0.98998 0 1 0.94321 0.0001004004 0.9502654 0.631192 
ME2 NM 0.24757 0.2403959 0.98998 0 1 0.5661509 0.0001004004 0.5806636 0.382305 
NE2 NM 0.92285 0.9230257 0.98998 0 1 0.005952123 0.0001004004 0.007434417 0.004495647 
AZ NV 0.9003 0.8505622 0.6545 0 1 0.00994009 0.1193703 0.1965211 0.1086105 
CO NV 0.04271 0.007746468 0.6545 1 1 0.9164041 0.1193703 2.570554e-05 0.3452667 
FL NV 0.27904 0.146554 0.6545 0 1 0.5197833 0.1193703 0.8173614 0.485505 
GA NV 0.94145 0.9146968 0.6545 0 1 0.003428102 0.1193703 0.1610665 0.09462162 
IA NV 0.95774 0.9347303 0.6545 0 1 0.001785908 0.1193703 0.150714 0.0906234 
ME NV 0.0044 0.0004755258 0.6545 1 1 0.9912194 0.1193703 9.686512e-08 0.3701966 
MI NV 0.07834 0.02526422 0.6545 0 1 0.8494572 0.1193703 0.9672026 0.6453433 
MN NV 0.0054 0.0006135816 0.6545 1 1 0.9892292 0.1193703 1.612739e-07 0.3695332 
MO NV 0.99972 0.9995552 0.6545 0 1 7.84e-08 0.1193703 0.1195715 0.07964728 
MS NV 0.99979 0.9997546 0.6545 0 1 4.41e-08 0.1193703 0.1194813 0.07961719 
NC NV 0.3293 0.1863447 0.6545 0 1 0.4498385 0.1193703 0.7709496 0.4467195 
NH NV 0.04363 0.00836005 0.6545 1 1 0.9146436 0.1193703 2.993898e-05 0.3446813 
NM NV 0.01027 0.001211824 0.6545 1 1 0.9795655 0.1193703 6.290689e-07 0.3663121 
OH NV 0.71488 0.6009418 0.6545 0 1 0.08129341 0.1193703 0.3680649 0.1895762 
PA NV 0.05775 0.01236367 0.6545 0 1 0.8878351 0.1193703 0.9838814 0.6636956 
SC NV 0.9875 0.981163 0.6545 0 1 0.00015625 0.1193703 0.1280414 0.08252265 
TX NV 0.99972 0.9994171 0.6545 0 1 7.84e-08 0.1193703 0.119634 0.07966812 
VA NV 0.00915 0.0007516375 0.6545 1 1 0.9817837 0.1193703 2.420116e-07 0.3670514 
WI NV 0.02815 0.005276802 0.6545 0 1 0.9444924 0.1193703 0.9931046 0.6856558 
ME2 NV 0.24478 0.146738 0.6545 0 1 0.5703572 0.1193703 0.8171436 0.5022904 
NE2 NV 0.92246 0.8908745 0.6545 0 1 0.006012452 0.1193703 0.1738245 0.09973573 
AZ OH 0.89962 0.7394685 0.28436 0 0 0.8093161 0.08086061 0.04421568 0.3114641 
CO OH 0.0432 0.001519649 0.28436 1 0 0.9154662 0.08086061 1.867342e-07 0.332109 
FL OH 0.28174 0.05067854 0.28436 0 0 0.07937743 0.08086061 0.0002076755 0.0534819 
GA OH 0.9423 0.843052 0.28436 0 0 0.8879293 0.08086061 0.0574706 0.3420868 
IA OH 0.95634 0.8742225 0.28436 0 0 0.9145862 0.08086061 0.06179893 0.3524152 
ME OH 0.00458 3.534068e-05 0.28436 1 0 0.990861 0.08086061 1.00992e-10 0.3572405 
MI OH 0.07878 0.005018377 0.28436 0 0 0.006206288 0.08086061 2.036402e-06 0.02902298 
MN OH 0.00532 3.534068e-05 0.28436 1 0 0.9893883 0.08086061 1.00992e-10 0.3567496 
MO OH 0.9997 0.9991872 0.28436 0 0 0.9994001 0.08086061 0.08072921 0.3869966 
MS OH 0.99986 0.9992578 0.28436 0 0 0.99972 0.08086061 0.08074063 0.3871071 
NC OH 0.33573 0.0756644 0.28436 0 0 0.1127146 0.08086061 0.0004629353 0.06467939 
NH OH 0.04538 0.001519649 0.28436 1 0 0.9112993 0.08086061 1.867342e-07 0.33072 
NM OH 0.00941 0.0002827255 0.28436 1 0 0.9812685 0.08086061 6.463487e-09 0.3540431 
NV OH 0.34936 0.08697342 0.28436 1 0 0.4233324 0.08086061 0.0006116601 0.1682682 
PA OH 0.05758 0.00204976 0.28436 0 0 0.003315456 0.08086061 3.39737e-07 0.0280588 
SC OH 0.98765 0.963175 0.28436 0 0 0.9754525 0.08086061 0.07501488 0.3771093 
TX OH 0.99959 0.9986924 0.28436 0 0 0.9991802 0.08086061 0.08064928 0.3868967 
VA OH 0.01011 0.0001413627 0.28436 1 0 0.9798822 0.08086061 1.615872e-09 0.3535809 
WI OH 0.02899 0.0006361323 0.28436 0 0 0.0008404201 0.08086061 3.27214e-08 0.02723369 
ME2 OH 0.24757 0.0679248 0.28436 0 0 0.0612909 0.08086061 0.0003730729 0.0475082 
NE2 OH 0.92238 0.8225544 0.28436 0 0 0.8507849 0.08086061 0.05470995 0.3287851 
AZ PA 0.89851 0.8923658 0.94159 0 0 0.8073202 0.8865917 0.7060079 0.7999733 
CO PA 0.04457 0.02783203 0.94159 1 0 0.9128465 0.8865917 0.0006867734 0.6000417 
FL PA 0.28026 0.24482 0.94159 0 0 0.07854567 0.8865917 0.05313949 0.3394256 
GA PA 0.94215 0.9379246 0.94159 0 0 0.8876466 0.8865917 0.779937 0.8513918 
IA PA 0.95693 0.9534859 0.94159 0 0 0.915715 0.8865917 0.8060319 0.8694462 
ME PA 0.00394 0.002144192 0.94159 1 0 0.9921355 0.8865917 4.076156e-06 0.6262438 
MI PA 0.07916 0.05730936 0.94159 0 0 0.006266306 0.8865917 0.002911889 0.29859 
MN PA 0.00551 0.002101732 0.94159 1 0 0.9890104 0.8865917 3.916323e-06 0.625202 
MO PA 0.9998 0.9997346 0.94159 0 0 0.9996 0.8865917 0.8861212 0.9241043 
MS PA 0.99981 0.9998302 0.94159 0 0 0.99962 0.8865917 0.8862906 0.9241675 
NC PA 0.33293 0.2981488 0.94159 0 0 0.1108424 0.8865917 0.07881153 0.3587485 
NH PA 0.0447 0.02788511 0.94159 1 0 0.9125981 0.8865917 0.0006893952 0.5999597 
NM PA 0.01019 0.005137568 0.94159 1 0 0.9797238 0.8865917 2.340124e-05 0.622113 
NV PA 0.35101 0.3148777 0.94159 1 0 0.421188 0.8865917 0.08790378 0.4652278 
OH PA 0.71943 0.6990065 0.94159 0 0 0.5175795 0.8865917 0.4331976 0.6124563 
SC PA 0.98736 0.9868376 0.94159 0 0 0.9748798 0.8865917 0.863406 0.9082925 
TX PA 0.99973 0.999586 0.94159 0 0 0.9994601 0.8865917 0.8858578 0.9239699 
VA PA 0.00989 0.004267154 0.94159 1 0 0.9803178 0.8865917 1.614359e-05 0.6223086 
WI PA 0.02899 0.01693062 0.94159 0 0 0.0008404201 0.8865917 0.0002541379 0.2958954 
ME2 PA 0.24471 0.2204059 0.94159 0 0 0.05988298 0.8865917 0.04306953 0.3298481 
NE2 PA 0.92341 0.9168117 0.94159 0 0 0.852686 0.8865917 0.7452191 0.8281656 
AZ SC 0.90032 0.3773109 0.01259 0 0 0.8105761 0.0001585081 2.256577e-05 0.2702524 
CO SC 0.04414 0 0.01259 1 0 0.9136683 0.0001585081 0 0.3046089 
FL SC 0.28075 0 0.01259 0 0 0.07882056 0.0001585081 0 0.02632636 
GA SC 0.9426 0.5495798 0.01259 0 0 0.8884948 0.0001585081 4.787547e-05 0.2962337 
IA SC 0.95869 0.589916 0.01259 0 0 0.9190865 0.0001585081 5.516095e-05 0.3064334 
ME SC 0.0046 0 0.01259 1 0 0.9908212 0.0001585081 0 0.3303266 
MI SC 0.07985 0 0.01259 0 0 0.006376022 0.0001585081 0 0.002178177 
MN SC 0.00493 0 0.01259 1 0 0.9901643 0.0001585081 0 0.3301076 
MO SC 0.9997 0.9890756 0.01259 0 0 0.9994001 0.0001585081 0.0001550638 0.3332379 
MS SC 0.99984 0.992437 0.01259 0 0 0.99968 0.0001585081 0.0001561196 0.3333316 
NC SC 0.33534 0.005042017 0.01259 0 0 0.1124529 0.0001585081 4.029582e-09 0.03753714 
NH SC 0.04356 0 0.01259 1 0 0.9147775 0.0001585081 0 0.3049787 
NM SC 0.01012 0 0.01259 1 0 0.9798624 0.0001585081 0 0.3266736 
NV SC 0.34808 0.009243697 0.01259 1 0 0.4249997 0.0001585081 1.354387e-08 0.1417194 
OH SC 0.71591 0.1218487 0.01259 0 0 0.5125271 0.0001585081 2.353388e-06 0.170896 
PA SC 0.0574 0 0.01259 0 0 0.00329476 0.0001585081 0 0.001151089 
TX SC 0.9997 0.9823529 0.01259 0 0 0.9994001 0.0001585081 0.0001529631 0.3332372 
VA SC 0.01002 0 0.01259 1 0 0.9800604 0.0001585081 0 0.3267396 
WI SC 0.02801 0 0.01259 0 0 0.0007845601 0.0001585081 0 0.0003143561 
ME2 SC 0.24551 0.01344538 0.01259 0 0 0.06027516 0.0001585081 2.865481e-08 0.02014457 
NE2 SC 0.92386 0.5890756 0.01259 0 0 0.8535173 0.0001585081 5.500391e-05 0.2845769 
AZ TX 0.90123 0.155054 4e-04 0 0 0.8122155 1.6e-07 3.846678e-09 0.2707386 
CO TX 0.04322 0 4e-04 1 0 0.915428 1.6e-07 0 0.3051427 
FL TX 0.27924 0.003925417 4e-04 0 0 0.07797498 1.6e-07 2.465424e-12 0.02599171 
GA TX 0.94234 0.2217861 4e-04 0 0 0.8880047 1.6e-07 7.870249e-09 0.2960016 
IA TX 0.95679 0.2885182 4e-04 0 0 0.9154471 1.6e-07 1.331884e-08 0.3051491 
ME TX 0.00447 0 4e-04 1 0 0.99108 1.6e-07 0 0.33036 
MI TX 0.07878 0 4e-04 0 0 0.006206288 1.6e-07 0 0.002068816 
MN TX 0.0053 0 4e-04 1 0 0.9894281 1.6e-07 0 0.3298094 
MO TX 0.99971 0.9479882 4e-04 0 0 0.9994201 1.6e-07 1.437891e-07 0.3331401 
MS TX 0.9998 0.9676153 4e-04 0 0 0.9996 1.6e-07 1.498047e-07 0.3332001 
NC TX 0.33314 0.0009813543 4e-04 0 0 0.1109823 1.6e-07 1.54089e-13 0.03699414 
NH TX 0.04372 0 4e-04 1 0 0.9144714 1.6e-07 0 0.3048239 
NM TX 0.01015 0 4e-04 1 0 0.979803 1.6e-07 0 0.3266011 
NV TX 0.34784 0 4e-04 1 0 0.4253127 1.6e-07 0 0.1417709 
OH TX 0.71719 0.02060844 4e-04 0 0 0.5143615 1.6e-07 6.795325e-11 0.1714539 
PA TX 0.05717 0 4e-04 0 0 0.003268409 1.6e-07 0 0.001089523 
SC TX 0.98743 0.5613346 4e-04 0 0 0.975018 1.6e-07 5.041545e-08 0.3250061 
VA TX 0.00955 0 4e-04 1 0 0.9809912 1.6e-07 0 0.3269971 
WI TX 0.02872 0 4e-04 0 0 0.0008248384 1.6e-07 0 0.0002749995 
ME2 TX 0.24621 0.002944063 4e-04 0 0 0.06061936 1.6e-07 1.386801e-12 0.02020651 
NE2 TX 0.92455 0.3866536 4e-04 0 0 0.8547927 1.6e-07 2.392016e-08 0.284931 
AZ VA 0.89928 0.8980047 0.99074 0 1 0.01014452 8.57476e-05 0.01216847 0.007466246 
CO VA 0.04333 0.03959246 0.99074 1 1 0.9152175 8.57476e-05 0.001538666 0.305614 
FL VA 0.28132 0.2740473 0.99074 0 1 0.5165009 8.57476e-05 0.5306982 0.349095 
GA VA 0.94241 0.9417574 0.99074 0 1 0.003316608 8.57476e-05 0.004484083 0.002628813 
IA VA 0.95701 0.9567724 0.99074 0 1 0.00184814 8.57476e-05 0.002713086 0.001548991 
ME VA 0.00424 0.003584628 0.99074 1 1 0.991538 8.57476e-05 1.261268e-05 0.3305454 
MI VA 0.07859 0.07372216 0.99074 0 1 0.8489964 8.57476e-05 0.8592558 0.569446 
MN VA 0.00518 0.004402528 0.99074 1 1 0.9896668 8.57476e-05 1.902496e-05 0.3299239 
MO VA 0.99969 0.9997375 0.99074 0 1 9.61e-08 8.57476e-05 9.06324e-05 5.882537e-05 
MS VA 0.99979 0.9998485 0.99074 0 1 4.41e-08 8.57476e-05 8.854924e-05 5.811365e-05 
NC VA 0.33063 0.327433 0.99074 0 1 0.4480562 8.57476e-05 0.456434 0.3015253 
NH VA 0.04422 0.0406628 0.99074 1 1 0.9135154 8.57476e-05 0.001622983 0.3050747 
NM VA 0.01001 0.008431448 0.99074 1 1 0.9800802 8.57476e-05 6.977883e-05 0.3267452 
NV VA 0.34381 0.3408829 0.99074 1 1 0.4305853 8.57476e-05 0.1140591 0.1815767 
OH VA 0.71479 0.7123614 0.99074 0 1 0.08134474 8.57476e-05 0.08657427 0.05600159 
PA VA 0.0572 0.053002 0.99074 0 1 0.8888718 8.57476e-05 0.897735 0.5955642 
SC VA 0.98786 0.987469 0.99074 0 1 0.0001473796 8.57476e-05 0.0004698062 0.0002343111 
TX VA 0.99961 0.9996567 0.99074 0 1 1.521e-07 8.57476e-05 9.216264e-05 5.935411e-05 
WI VA 0.02908 0.02544581 0.99074 0 1 0.9426856 8.57476e-05 0.9502152 0.6309955 
ME2 VA 0.2439 0.2384535 0.99074 0 1 0.5716872 8.57476e-05 0.5833211 0.3850314 
NE2 VA 0.92237 0.9225216 0.99074 0 1 0.006026417 8.57476e-05 0.007399611 0.004503925 
AZ WI 0.89884 0.8974728 0.97185 0 0 0.8079133 0.9444924 0.7607485 0.8377181 
CO WI 0.04399 0.03398013 0.97185 1 0 0.9139551 0.9444924 0.001090558 0.619846 
FL WI 0.27776 0.2612281 0.97185 0 0 0.07715062 0.9444924 0.06445226 0.3620318 
GA WI 0.94242 0.9414586 0.97185 0 0 0.8881555 0.9444924 0.8371455 0.8899311 
IA WI 0.95638 0.9563127 0.97185 0 0 0.9146627 0.9444924 0.8637705 0.9076419 
ME WI 0.00457 0.00259406 0.97185 1 0 0.9908809 0.9444924 6.355631e-06 0.6451266 
MI WI 0.07725 0.06625148 0.97185 0 0 0.005967563 0.9444924 0.004145621 0.3182019 
MN WI 0.00544 0.003726388 0.97185 1 0 0.9891496 0.9444924 1.311519e-05 0.6445517 
MO WI 0.99968 0.9997427 0.97185 0 0 0.9993601 0.9444924 0.9440064 0.9626196 
MS WI 0.99986 0.9997324 0.97185 0 0 0.99972 0.9444924 0.9439869 0.9627331 
NC WI 0.33257 0.3157754 0.97185 0 0 0.1106028 0.9444924 0.09417921 0.3830915 
NH WI 0.04388 0.0342066 0.97185 1 0 0.9141655 0.9444924 0.001105142 0.619921 
NM WI 0.00985 0.006876319 0.97185 1 0 0.980397 0.9444924 4.465915e-05 0.6416447 
NV WI 0.34791 0.3318339 0.97185 1 0 0.4252214 0.9444924 0.1040016 0.4912385 
OH WI 0.71457 0.7132225 0.97185 0 0 0.5106103 0.9444924 0.4804504 0.6451844 
PA WI 0.05585 0.04682691 0.97185 0 0 0.003119222 0.9444924 0.002071045 0.3165609 
SC WI 0.98693 0.9871326 0.97185 0 0 0.9740308 0.9444924 0.9203425 0.9462886 
TX WI 0.99967 0.9995368 0.97185 0 0 0.9993401 0.9444924 0.9436176 0.9624834 
VA WI 0.00966 0.005816048 0.97185 1 0 0.9807733 0.9444924 3.194879e-05 0.6417659 
ME2 WI 0.24261 0.2305523 0.97185 0 0 0.05885961 0.9444924 0.05020388 0.3511853 
NE2 WI 0.92347 0.9212517 0.97185 0 0 0.8527968 0.9444924 0.8015952 0.8662948 
AZ ME2 0.89989 0.8709464 0.75548 0 0 0.809802 0.57075 0.4329411 0.6044977 
CO ME2 0.04494 0.01863872 0.75548 1 0 0.9121396 0.57075 0.0001982797 0.4943626 
FL ME2 0.28311 0.1970379 0.75548 0 0 0.08015127 0.57075 0.02215877 0.2243534 
GA ME2 0.94332 0.926028 0.75548 0 0 0.8898526 0.57075 0.489434 0.6500122 
IA ME2 0.95695 0.944627 0.75548 0 0 0.9157533 0.57075 0.5092917 0.665265 
ME ME2 0.00425 0 0.75548 1 0 0.9915181 0.57075 0 0.520756 
MI ME2 0.07899 0.03919828 0.75548 0 0 0.00623942 0.57075 0.0008769605 0.1926221 
MN ME2 0.00562 0.001457185 0.75548 1 0 0.9887916 0.57075 1.211924e-06 0.5198476 
MO ME2 0.99965 0.9995496 0.75548 0 0 0.9993001 0.57075 0.570236 0.7134287 
MS ME2 0.99981 0.9997351 0.75548 0 0 0.99962 0.57075 0.5704476 0.7136059 
NC ME2 0.33421 0.2429393 0.75548 0 0 0.1116963 0.57075 0.03368538 0.2387106 
NH ME2 0.04497 0.01866522 0.75548 1 0 0.9120823 0.57075 0.0001988438 0.4943437 
NM ME2 0.01021 0.003245549 0.75548 1 0 0.9796842 0.57075 6.012046e-06 0.5168134 
NV ME2 0.34934 0.2662145 0.75548 1 0 0.4233584 0.57075 0.04044915 0.3448525 
OH ME2 0.71639 0.6494012 0.75548 0 0 0.5132146 0.57075 0.2406978 0.4415542 
PA ME2 0.05835 0.02666649 0.75548 0 0 0.003404723 0.57075 0.0004058613 0.1915202 
SC ME2 0.98772 0.9835206 0.75548 0 0 0.9755908 0.57075 0.5520937 0.6994782 
TX ME2 0.99961 0.9996291 0.75548 0 0 0.9992202 0.57075 0.5703267 0.7134323 
VA ME2 0.01011 0.002821641 0.75548 1 0 0.9798822 0.57075 4.544115e-06 0.5168789 
WI ME2 0.02951 0.01107461 0.75548 0 0 0.0008708401 0.57075 7.000074e-05 0.1905636 
NE2 ME2 0.92413 0.9040775 0.75548 0 0 0.8540163 0.57075 0.466506 0.6304241 
AZ NE2 0.90131 0.6606235 0.07718 0 0 0.8123597 0.005956752 0.002599666 0.2736387 
CO NE2 0.04338 0.001565149 0.07718 1 0 0.9151218 0.005956752 1.459221e-08 0.3070262 
FL NE2 0.27853 0.04408504 0.07718 0 0 0.07757896 0.005956752 1.157689e-05 0.0278491 
GA NE2 0.94205 0.7724012 0.07718 0 0 0.8874582 0.005956752 0.00355382 0.2989896 
IA NE2 0.95762 0.8137472 0.07718 0 0 0.9170361 0.005956752 0.003944469 0.3089791 
ME NE2 0.00436 0 0.07718 1 0 0.991299 0.005956752 0 0.3324186 
MI NE2 0.07912 0.004695448 0.07718 0 0 0.006259974 0.005956752 1.313299e-07 0.004072286 
MN NE2 0.00546 0.0001304291 0.07718 1 0 0.9891098 0.005956752 1.013348e-10 0.3316889 
MO NE2 0.99975 0.9977827 0.07718 0 0 0.9995001 0.005956752 0.005930366 0.3371291 
MS NE2 0.99984 0.9984349 0.07718 0 0 0.99968 0.005956752 0.005938121 0.3371916 
NC NE2 0.33131 0.05973653 0.07718 0 0 0.1097663 0.005956752 2.125639e-05 0.03858144 
NH NE2 0.04439 0.001695578 0.07718 1 0 0.9131905 0.005956752 1.712558e-08 0.3063824 
NM NE2 0.00986 0.0001304291 0.07718 1 0 0.9803772 0.005956752 1.013348e-10 0.328778 
NV NE2 0.3473 0.07356202 0.07718 1 0 0.4260173 0.005956752 3.22342e-05 0.1440021 
OH NE2 0.71704 0.3479849 0.07718 0 0 0.5141464 0.005956752 0.0007213238 0.1736081 
PA NE2 0.0571 0.002608582 0.07718 0 0 0.00326041 0.005956752 4.053392e-08 0.003072401 
SC NE2 0.98794 0.9308726 0.07718 0 0 0.9760254 0.005956752 0.005161667 0.329048 
TX NE2 0.99974 0.9977827 0.07718 0 0 0.9994801 0.005956752 0.005930366 0.3371224 
VA NE2 0.00967 0.0001304291 0.07718 1 0 0.9807535 0.005956752 1.013348e-10 0.3289034 
WI NE2 0.02894 0.0007825747 0.07718 0 0 0.0008375236 0.005956752 3.648053e-09 0.00226476 
ME2 NE2 0.24451 0.0627364 0.07718 0 0 0.05978514 0.005956752 2.344492e-05 0.02192178 
The average brier score with the third way of testing it is(TC) 0.3156054